# Seed:  123456789
#
# flag: >0: detected; >2: characterized; 0 mod(2): tracked
# Survey: name of the block
# delta_ra: distance from center of pointing [arcsec]
# delt_dec: distance from center of pointing [arcsec]
#
#   a      e        i        q        r        M      m_rand H_rand color flag delta    m_int    H_int eff   RA(H)     DEC    delta_ra delt_dec Surv. Comments
  34.976  0.112    4.377   31.059   38.753  162.785   23.679   7.77  0.00  3   37.783   23.643   7.73 0.72  4.84464  23.0789  3.29155 -0.44531 L3w-sm resonant  
  42.330  0.239    5.365   32.213   32.218  358.434   24.017   8.90  0.00  1   31.250   23.855   8.74 0.35  8.79488  18.4914  3.63949  1.10250 L7a-sm resonant  
  42.287  0.118    1.413   37.297   37.338    6.387   24.073   8.31  0.00  4   36.348   23.916   8.15 0.60 15.21980 -19.4343  3.10758  0.87273 L4k-sm resonant  
  42.140  0.197   12.263   33.838   35.235  332.512   24.682   9.18  0.00  2   34.258   24.438   8.94 0.08  2.33613  15.3715  3.27751 -1.32217 L4v-sm resonant  
  42.495  0.116   20.508   37.566   39.616  311.171   24.724   8.75  0.00  1   38.632   24.673   8.70 0.05  9.39456  17.2572  3.05976  1.21627 L5c-sm resonant  
  42.413  0.161    5.858   35.585   43.518   90.241   22.846   6.44  0.00  4   42.525   22.876   6.47 0.87 23.74033  -1.2463  2.65661 -1.20978 L3s-sm resonant  
  42.146  0.056    2.367   39.786   40.137   30.051   23.976   7.91  0.00  4   39.167   24.236   8.17 0.40  8.73644  18.0733  3.05307  0.85191 L7a-sm resonant  
  42.364  0.073    5.426   39.271   44.328  126.273   23.524   7.01 -0.80  4   43.342   24.887   8.37 0.80 21.92287 -12.3350  2.62842 -0.89703 presur resonant  
  42.422  0.258   28.101   31.477   39.330   59.397   24.139   8.17  0.00  4   38.353   24.467   8.50 0.52  9.08766  17.5182  3.10636  1.22890 L5c-sm resonant  
  55.350  0.418    0.850   32.214   33.927   13.140   23.050   7.67 -0.70  4   32.972   23.833   8.45 0.80 13.06754  -5.8766  3.10240  1.26042 L3h-sm resonant  
  55.500  0.285    6.120   39.683   42.048  336.837   23.521   7.27  0.00  3   41.038   23.447   7.20 0.52 19.70206 -21.4985  2.86154 -0.56326 L4n-sm resonant  
  55.556  0.457   20.085   30.167   30.317  356.635   23.883   9.02  0.00  2   29.329   23.740   8.88 0.35 16.11276 -21.5306  3.83477  0.33911 L5i-sm resonant  
  55.374  0.329   11.966   37.156   41.830   29.361   24.022   7.77  0.00  4   40.862   23.958   7.71 0.58  4.80077  22.8265  3.00754 -0.25041 L3w-sm resonant  
  55.226  0.428   26.817   31.589   32.561  350.458   23.571   8.46  0.00  4   31.561   23.676   8.56 0.75 23.97193  -0.0948  3.30859 -1.91019 L3s-sm resonant  
  55.431  0.437    7.292   31.208   45.546   43.055   23.847   7.21  0.00  4   44.564   24.057   7.42 0.67 15.08693 -18.4901  2.57058  0.81351 L4k-sm resonant  
  36.676  0.196    1.109   29.488   32.350   44.058   20.817   5.73  0.00  4   31.350   20.835   5.75 0.87 23.99347  -0.1689  3.51624 -1.50549 L3s-sm resonant  
  36.417  0.093    7.310   33.030   35.025  299.168   23.191   7.71  0.00  4   34.035   23.035   7.55 0.68 16.08900 -21.3365  3.41526  0.55936 L5i-sm resonant  
  36.462  0.144    8.266   31.211   32.272   32.133   23.532   8.41  0.00  2   31.273   23.132   8.01 0.41 19.55025 -23.1336  3.64214 -0.68348 L4o-sm resonant  
  36.522  0.160    5.109   30.678   31.857  328.503   23.259   8.16  0.00  4   30.886   23.142   8.04 0.81 14.92533 -18.0956  3.50732  1.00054 L4k-sm resonant  
  36.464  0.066    4.441   34.057   37.786  120.142   23.771   7.92 -0.70  1   36.834   24.431   8.58 0.34 12.95996  -8.7253  2.87131  1.30161 L3h-sm resonant  
  36.509  0.020    3.591   35.779   36.658  100.469   24.100   8.42  0.00  4   35.693   23.982   8.30 0.54  4.71343  23.2848  3.39855 -0.50778 L3w-sm resonant  
  36.690  0.127    2.105   32.030   32.087    7.929   23.452   8.34  0.00  4   31.130   23.556   8.44 0.71  9.01360  18.1257  3.64658  1.06669 L7a-sm resonant  
  36.508  0.118   23.651   32.200   33.737   44.832   23.208   7.94  0.00  4   32.737   23.112   7.84 0.85 23.95366   0.2726  3.31410 -1.79212 L3s-sm resonant  
  39.461  0.105   10.064   35.318   35.561  342.333   24.054   8.46  0.00  4   34.639   24.145   8.55 0.57  4.05675  22.1704  3.26421 -0.55118 L3w-sm resonant  
  39.498  0.185    9.820   32.191   40.716  270.838   23.573   7.42  0.00  4   39.738   23.628   7.47 0.50 19.01161 -21.8273  2.95515 -0.22860 L4n-sm resonant  
  39.326  0.212    9.653   30.989   42.457  100.825   23.124   6.84  0.00  4   41.459   23.285   7.00 0.85 23.89221  -0.7203  2.74522 -1.28362 L3s-sm resonant  
  39.347  0.195   20.770   31.674   33.364  328.267   23.228   7.95  0.00  4   32.379   23.166   7.89 0.82 13.49960  -9.0113  3.29589  1.61724 L4h-sm resonant  
  39.297  0.218   18.777   30.730   30.791  354.774   22.910   7.95  0.00  4   29.820   22.897   7.94 0.63 16.01280 -20.3359  3.60195  1.04312 L5j-sm resonant  
  39.306  0.176   14.749   32.388   36.963  299.262   24.873   9.16  0.00  1   35.987   24.479   8.77 0.01  2.33245  13.5526  3.28565 -0.94260 L4v-sm resonant  
  39.326  0.224   22.740   30.517   31.018  344.871   23.801   8.85  0.00  4   30.024   23.825   8.87 0.69 15.29363 -19.6369  3.64736  1.38765 L4k-sm resonant  
  39.590  0.182   19.847   32.385   42.239  101.912   24.163   7.91  0.00  4   41.231   24.256   8.00 0.46 21.65799 -15.2126  2.81557 -1.15036 L4q-sm resonant  
  39.593  0.262   18.148   29.220   31.721  329.147   23.867   8.80  0.00  3   30.744   23.928   8.86 0.53 15.15800 -16.2135  3.67590  0.76310 L4j-sm resonant  
  39.257  0.183    2.949   32.073   33.845   34.207   23.821   8.51  0.00  4   32.869   23.777   8.47 0.67  5.04675  22.5973  3.69934 -0.32108 L3w-sm resonant  
  39.534  0.153   16.658   33.485   34.497   28.734   23.526   8.10  0.00  2   33.509   23.658   8.23 0.38 16.31138 -19.7457  3.38768  0.78739 L5j-sm resonant  
  39.493  0.263   18.640   29.106   37.627  295.182   24.462   8.67  0.00  2   36.663   24.455   8.66 0.15  4.70877  23.2932  3.38824 -0.25716 L3w-sm resonant  
  39.587  0.202   24.152   31.590   32.659  335.844   23.842   8.69  0.00  3   31.683   23.643   8.49 0.66  5.02769  22.6499  3.91127 -0.03052 L3w-sm resonant  
  39.258  0.186   24.961   31.956   33.662  326.846   24.362   9.08  0.00  4   32.680   23.996   8.71 0.44  2.47867  15.0126  3.46581 -1.53012 L4v-sm resonant  
  39.321  0.208   20.353   31.142   31.999   21.136   23.766   8.71  0.00  1   31.008   23.587   8.53 0.38 12.59922  -3.6838  3.69775  1.23605 L3f-sm resonant  
  39.271  0.233    7.536   30.121   38.487  288.231   23.893   7.99  0.00  4   37.509   23.975   8.07 0.57 13.42232  -7.6499  2.94675  1.24289 L4h-sm resonant  
  39.529  0.131   17.574   34.351   34.948   24.268   23.219   7.75  0.00  4   33.961   23.334   7.86 0.78 14.98493 -15.9208  3.27480  1.22512 L4j-sm resonant  
  39.592  0.218    0.522   30.961   31.385  345.856   24.074   9.04  0.00  3   30.439   23.993   8.96 0.55  4.39823  21.4036  3.73114 -0.61580 L3w-sm resonant  
  39.483  0.153   13.651   33.442   34.272  334.069   23.541   8.15  0.00  4   33.306   23.607   8.22 0.75  4.74733  23.3910  3.58212 -0.67039 L3w-sm resonant  
  39.342  0.181   19.273   32.221   40.234   86.885   23.857   7.76  0.00  2   39.255   24.011   7.91 0.38 16.29099 -21.9357  2.97459  0.70315 L5i-sm resonant  
  39.257  0.219    0.446   30.660   32.002  334.286   22.979   7.86 -0.70  4   31.039   23.722   8.60 0.81 13.15979  -6.8938  3.36995  1.37263 L3h-sm resonant  
  39.501  0.284   16.973   28.283   35.541  305.902   23.456   7.87 -0.70  4   34.590   24.298   8.71 0.64 12.97342  -7.2010  3.15156  1.10827 L3h-sm resonant  
  39.421  0.202    7.448   31.458   32.210   20.174   24.106   8.96  0.00  4   31.237   24.027   8.88 0.58 14.96869 -17.4804  3.41649  1.14477 L4k-sm resonant  
  39.649  0.248   26.242   29.816   30.227  347.488   22.468   7.59  0.00  4   29.255   22.496   7.62 0.71 16.02601 -20.4239  3.86538  0.30916 L5j-sm resonant  
  39.570  0.167   16.992   32.962   32.979  356.269   23.584   8.39  0.00  4   31.996   23.553   8.36 0.76  2.56725  13.5939  3.53327 -1.40801 L4v-sm resonant  
  39.437  0.255    6.381   29.381   33.232   40.389   22.708   7.45  0.00  4   32.238   22.707   7.45 0.67 16.42889 -19.5248  3.53898  0.62639 L5j-sm resonant  
  39.267  0.202   14.379   31.335   32.328  336.664   23.853   8.71  0.00  4   31.343   24.089   8.95 0.59 13.53335  -8.3429  3.39620  1.55498 L4h-sm resonant  
  39.283  0.213   16.128   30.916   33.191   34.905   24.165   8.90  0.00  2   32.219   24.090   8.82 0.19 15.20378 -18.0183  3.50934  0.72089 L4j-sm resonant  
  39.465  0.157    7.454   33.269   38.602   73.065   23.404   7.49  0.00  4   37.618   23.535   7.62 0.62 16.20334 -21.0575  3.08307  0.64959 L5i-sm resonant  
  43.694  0.212    4.074   34.431   34.542    7.155   23.951   8.55  0.00  4   33.544   24.115   8.71 0.52 22.04236 -10.2501  3.28504 -1.17862 L3q-sm resonant  
  43.676  0.149    0.525   37.168   40.408   52.512   23.895   7.83  0.00  4   39.401   23.719   7.65 0.67 21.56860 -14.6551  2.91798 -0.98924 L4q-sm resonant  
  43.677  0.107    6.960   39.004   44.751  262.633   24.649   8.11  0.00  2   43.757   24.563   8.02 0.00 21.20975 -15.8318  2.63708 -0.88453 L4q-sm resonant  
  43.721  0.150    1.264   37.163   37.570  342.709   22.602   6.84  0.00  4   36.581   22.802   7.04 0.90 12.62174  -4.7978  3.04191  1.30460 L3f-sm resonant  
  43.673  0.199    0.428   34.982   35.157  350.798   24.304   8.79  0.00  2   34.203   24.475   8.96 0.34  4.52405  21.6748  3.41349 -0.50833 L3w-sm resonant  
  43.766  0.087   11.962   39.958   40.521  331.073   23.223   7.09 -0.70  4   39.553   24.238   8.10 0.75 13.18740  -8.4992  2.71530  1.26302 L3h-sm resonant  
  52.976  0.342   16.612   34.858   35.903  347.013   24.257   8.68  0.00  3   34.902   23.966   8.39 0.49 15.45642 -20.2414  3.20165  1.06412 L4k-sm resonant  
  53.197  0.345    8.167   34.844   42.053   36.905   24.085   7.80  0.00  4   41.069   24.458   8.17 0.59 15.14091 -18.2329  2.74732  0.86756 L4k-sm resonant  
  53.126  0.202   25.164   42.395   43.101   16.810   23.527   7.12 -0.80  3   42.123   24.793   8.39 0.80 22.06586 -13.0222  2.72126 -0.76422 presur resonant  
  53.147  0.352    1.640   34.439   40.232  328.258   24.167   8.06  0.00  1   39.256   24.004   7.90 0.05 16.32655 -23.0816  2.90580  0.47312 L5i-sm resonant  
  62.487  0.323    5.962   42.304   44.125  343.139   23.687   7.18  0.00  4   43.158   23.784   7.28 0.68 23.26843  -4.1415  2.50768 -1.00825 L3s-sm resonant  
  47.943  0.362    5.598   30.588   32.660  341.544   23.877   8.66  0.00  3   31.701   23.925   8.71 0.52 15.41852 -17.3126  3.37683  0.81299 L4j-sm resonant  
  47.962  0.144   20.411   41.055   41.806  336.798   23.591   7.36  0.00  3   40.817   23.507   7.28 0.59 12.66184  -3.0114  2.71300  1.39125 L3f-sm resonant  
  47.680  0.181    8.002   39.050   45.842  292.417   23.598   6.95  0.00  4   44.873   23.493   6.85 0.66  8.48030  19.8428  2.71430  0.75040 L7a-sm resonant  
  47.886  0.223    2.742   37.207   38.848   25.397   23.660   7.74  0.00  4   37.844   24.130   8.21 0.39 18.96857 -23.5979  3.10324 -0.28898 L4m-sm resonant  
  47.783  0.125    4.357   41.810   41.867  353.119   23.842   7.55 -0.70  2   40.913   24.402   8.11 0.25 13.01663  -7.3535  2.58760  1.13980 L3h-sm resonant  
  47.914  0.357    6.395   30.809   32.456   16.586   23.318   8.12  0.00  4   31.532   23.540   8.34 0.80  4.07204  22.2777  3.46813 -0.62070 L3w-sm resonant  
  47.786  0.131    2.211   41.526   43.438   40.605   23.136   6.69 -0.70  4   42.479   23.696   7.25 0.77 13.14517  -5.5757  2.57049  1.01033 L3h-sm resonant  
  37.776  0.040   22.404   36.250   38.563  119.039   23.622   7.71  0.00  3   37.582   23.669   7.76 0.66 15.08552 -16.1001  3.15493  0.67523 L4j-sm h         
  38.818  0.012   28.314   38.360   38.445   34.854   23.650   7.78  0.00  3   37.459   23.512   7.64 0.52 12.74464  -4.7292  3.19174  1.02403 L3f-sm h         
  37.306  0.018    7.357   36.635   37.890  149.612   23.840   8.00  0.00  4   36.910   24.222   8.38 0.68 15.05308 -18.6498  3.08336  0.82910 L4k-sm h         
  38.117  0.075    1.555   35.262   35.371  345.064   24.148   8.60  0.00  2   34.397   23.991   8.44 0.21 20.62122 -19.6757  3.21307 -0.82804 L4p-sm h         
  38.699  0.028    4.534   37.611   37.916  316.987   22.967   7.15  0.00  4   36.937   23.133   7.32 0.85  2.39051  14.5700  3.16897 -1.02849 L4v-sm h         
  37.890  0.029    5.087   36.776   37.237  307.082   24.016   8.30  0.00  3   36.253   23.840   8.12 0.64  2.57165  14.0976  3.26634 -0.99785 L4v-sm h         
  37.184  0.007   19.141   36.938   37.293  243.193   23.622   7.86 -0.80  4   36.305   24.305   8.54 0.77 21.88682 -12.7054  3.16987 -0.90589 presur h         
  37.411  0.041    2.136   35.889   36.262  320.603   23.699   8.07  0.00  4   35.280   23.686   8.06 0.46 12.77968  -6.6996  3.15065  1.33002 L3f-sm h         
  42.530  0.178   25.035   34.977   43.852  269.920   23.622   7.15  0.00  1   42.871   23.226   6.75 0.36 19.21988 -24.1029  2.82288 -0.11344 L4o-sm h         
  43.928  0.056    1.169   41.490   43.175  290.959   23.756   7.34  0.00  2   42.204   24.158   7.74 0.39 18.91125 -22.1039  2.73702 -0.28057 L4n-sm f         
  44.883  0.031    4.594   43.496   44.267   62.163   24.215   7.76  0.00  4   43.278   24.211   7.76 0.55  2.79161  15.3825  2.80936 -0.82541 L4v-sm f         
  44.055  0.071    5.391   40.923   41.366   28.901   24.362   8.17  0.00  2   40.366   24.152   7.96 0.18 21.34637 -15.7312  2.82748 -0.96298 L4q-sm c         
  45.710  0.106    0.873   40.856   41.923   34.870   24.300   8.05  0.00  4   40.948   24.171   7.92 0.40  8.99447  17.0268  2.91371  0.86230 L5c-sm f         
  42.439  0.020    4.737   41.607   42.218   73.316   24.582   8.33  0.00  1   41.234   24.620   8.37 0.13  9.35480  16.3843  2.91473  0.98129 L5c-sm f         
  44.915  0.015    0.577   44.224   44.923  270.394   24.224   7.65  0.00  4   43.967   24.165   7.59 0.43  4.55197  21.7104  2.77744 -0.41480 L3w-sm f         
  45.283  0.087    1.833   41.339   48.004  130.054   23.654   6.84  0.00  3   47.017   24.333   7.52 0.75  2.69626  15.3195  2.60115 -0.80987 L4v-sm f         
  44.968  0.049    2.587   42.760   42.893  340.781   24.537   8.23  0.00  2   41.904   24.228   7.92 0.23  2.80734  16.6691  2.88061 -0.86579 L4v-sm f         
  45.066  0.071    2.836   41.852   46.739  242.112   23.410   6.65  0.00  4   45.772   23.436   6.68 0.74 15.29739 -17.0268  2.51021  0.71335 L4j-sm f         
  43.792  0.081    5.941   40.245   41.757   51.161   22.751   6.48 -0.70  4   40.795   23.524   7.25 0.85 13.14115  -6.4509  2.69382  1.02911 L3h-sm f         
  40.549  0.093   40.982   36.782   38.900   59.246   23.817   7.85  0.00  4   37.927   24.032   8.07 0.68 14.95259 -19.1338  3.20207  0.55871 L4k-sm h         
  43.704  0.058    1.050   41.191   45.601  136.950   23.321   6.67 -0.80  4   44.622   24.237   7.59 0.85 22.05239 -12.8224  2.50542 -0.94632 presur f         
  43.400  0.039    4.386   41.690   41.731  347.677   23.613   7.39  0.00  4   40.757   23.977   7.75 0.66  8.62901  17.7762  2.96640  0.81225 L7a-sm f         
  41.880  0.054   33.227   39.636   39.751  342.383   24.052   8.03  0.00  2   38.778   23.788   7.77 0.30  8.64644  17.7371  3.11780  1.16272 L7a-sm h         
  40.708  0.096   19.034   36.816   39.323   63.999   24.727   8.76  0.00  2   38.345   24.304   8.34 0.05  9.11863  17.7615  3.09089  1.13801 L5c-sm h         
  43.926  0.068   15.634   40.944   43.725  277.696   23.571   7.18  0.00  4   42.736   24.473   8.08 0.77  2.81752  15.8018  2.81140 -1.01192 L4v-sm h         
  43.069  0.073    1.524   39.912   42.652  281.794   23.841   7.51  0.00  4   41.660   24.170   7.84 0.60 13.68204  -8.8537  2.74488  1.04760 L4h-sm f         
  43.391  0.077    0.964   40.041   43.123  279.013   24.049   7.62  0.00  3   42.204   24.029   7.60 0.57  4.02040  21.6391  2.71613 -0.56957 L3w-sm f         
  43.882  0.063    5.214   41.122   41.611  327.309   24.567   8.32 -0.80  1   40.631   24.869   8.62 0.02 22.02381 -12.7362  2.69768 -1.05939 presur c         
  45.829  0.213   16.839   36.068   47.215   86.073   22.123   5.33  0.00  4   46.237   22.096   5.30 0.90 15.04183 -17.5442  2.48309  0.85880 L4k-sm h         
  40.302  0.107   14.424   35.974   38.785   63.701   24.132   8.19  0.00  4   37.800   24.018   8.08 0.57 15.14040 -18.1564  3.06606  0.70603 L4k-sm h         
  44.375  0.032    6.350   42.937   43.215   35.005   24.131   7.73  0.00  4   42.256   24.223   7.82 0.51  4.61049  22.5369  2.89956 -0.36141 L3w-sm c         
  43.432  0.039    3.125   41.746   43.597   93.302   23.675   7.27  0.00  4   42.614   23.660   7.26 0.70  9.24203  16.3243  2.83509  0.91484 L5c-sm f         
  46.879  0.127    1.580   40.944   41.822  332.184   24.408   8.14 -0.80  1   40.839   24.968   8.70 0.06 22.00899 -13.8949  2.69129 -1.01705 presur f         
  46.378  0.147    2.507   39.551   39.552   -1.611   23.890   7.87 -0.80  3   38.567   24.924   8.90 0.58 21.97127 -13.6428  2.84263 -1.03033 presur f         
  46.494  0.034    3.266   44.904   45.249   37.157   23.691   7.08  0.00  4   44.272   23.593   6.98 0.72 15.00602 -18.7598  2.57642  0.75306 L4k-sm f         
  45.918  0.143    3.639   39.343   39.351  356.934   23.864   7.88  0.00  3   38.359   23.896   7.91 0.58 21.94121 -13.4582  2.88997 -1.08070 L3q-sm f         
  46.743  0.117    4.694   41.270   43.776  308.496   23.593   7.13  0.00  4   42.801   23.686   7.22 0.72 13.34767  -8.1840  2.61418  0.99995 L4h-sm f         
  43.755  0.086    4.155   40.005   42.964  287.020   23.313   6.97  0.00  4   41.983   23.272   6.93 0.77  9.21885  17.5824  2.86776  0.92162 L5c-sm f         
  45.014  0.019    2.119   44.168   44.176  354.107   24.041   7.59  0.00  4   43.191   24.137   7.69 0.58  9.36286  16.2844  2.79674  0.91709 L5c-sm f         
  46.817  0.166    1.324   39.050   39.951  336.585   23.861   7.78  0.00  4   39.010   24.091   8.01 0.66  4.32595  21.8707  2.99169 -0.50693 L3w-sm f         
  43.112  0.075    4.092   39.875   44.628  114.097   22.934   6.37 -0.70  4   43.668   24.182   7.62 0.82 13.17252  -5.0805  2.54932  0.97304 L3h-sm f         
  45.355  0.178   11.509   37.286   37.559  347.691   22.616   6.80 -0.70  4   36.599   23.518   7.70 0.86 13.11705  -6.6573  2.85714  1.32134 L3h-sm h         
  46.112  0.127    1.266   40.279   49.971  126.007   23.874   6.85  0.00  4   49.003   23.791   6.77 0.50  8.80525  19.1569  2.50985  0.70589 L7a-sm h         
  46.339  0.165   19.843   38.688   39.283  340.860   24.304   8.33  0.00  1   38.292   24.138   8.16 0.02 22.62419   2.9321  2.88960 -1.38579 L5r-sm h         
  44.099  0.067    3.949   41.126   44.521   94.315   23.759   7.26  0.00  4   43.544   23.869   7.37 0.69  5.06531  23.0903  2.90108 -0.31786 L3w-sm c         
  43.920  0.069    2.915   40.889   40.991  345.920   23.041   6.85 -0.80  4   40.015   24.108   7.92 0.88 22.09963 -13.1834  2.71526 -1.06702 presur c         
  44.566  0.110    1.292   39.686   42.146   54.860   23.669   7.37 -0.80  3   41.165   24.543   8.24 0.74 22.01928 -13.5093  2.68410 -1.01188 presur f         
  45.962  0.145    2.252   39.274   41.345   40.282   24.493   8.31  0.00  2   40.366   24.129   7.95 0.21  9.17036  17.9492  2.95570  0.91406 L5c-sm f         
  44.013  0.131   13.327   38.252   42.413  293.305   24.267   7.96  0.00  2   41.413   24.818   8.51 0.17 19.05991 -23.5528  2.88244 -0.45437 L4m-sm h         
  43.467  0.095    9.582   39.325   39.500   15.253   24.354   8.35  0.00  2   38.533   24.091   8.09 0.03  8.79103  17.8709  3.05927  0.95217 L7a-sm h         
  43.977  0.043    2.621   42.086   44.214  265.156   24.089   7.58 -0.80  1   43.232   24.819   8.31 0.35 21.99248 -13.1957  2.58055 -0.98238 presur c         
  43.002  0.026    1.769   41.896   42.436   57.801   23.731   7.41  0.00  4   41.452   24.191   7.87 0.66 13.51248  -8.2221  2.71746  1.07062 L4h-sm f         
  42.427  0.048    3.224   40.407   41.741  292.517   24.436   8.24  0.00  2   40.755   24.323   8.13 0.27  9.40352  15.5198  2.94565  0.99093 L5c-sm f         
  45.844  0.094    2.202   41.549   43.354  309.760   24.589   8.19  0.00  2   42.378   24.410   8.01 0.17  2.32425  15.2131  2.75406 -0.98412 L4v-sm f         
  44.358  0.048    2.244   42.228   46.486  177.630   22.840   6.10 -0.70  4   45.525   23.618   6.88 0.84 13.08425  -8.3513  2.41527  1.03731 L3h-sm f         
  44.555  0.073    1.950   41.303   43.745   71.584   23.907   7.44 -0.80  3   42.764   25.214   8.75 0.56 22.02337 -13.8602  2.59701 -0.99331 presur f         
  43.148  0.020    3.352   42.298   42.968   76.407   23.076   6.75  0.00  4   41.984   23.290   6.96 0.80  9.31854  16.3594  2.87111  0.94471 L5c-sm f         
  42.967  0.068    1.252   40.050   40.617   34.128   23.865   7.73 -0.80  3   39.629   24.955   8.82 0.60 21.89024 -12.9529  2.81713 -1.00170 presur f         
  42.638  0.034    0.701   41.210   42.057  295.814   24.767   8.47  0.00  2   41.085   24.445   8.15 0.00 15.22170 -17.3520  2.77653  0.76737 L4j-sm f         
  46.714  0.043    1.378   44.696   44.780  343.787   23.684   7.12  0.00  4   43.800   23.724   7.16 0.63 20.72117 -19.0330  2.61089 -0.70011 L4p-sm f         
  44.360  0.042    2.101   42.492   42.880   36.067   24.635   8.29  0.00  1   41.879   24.359   8.01 0.07 15.45555 -19.7559  2.81335  0.70314 L4k-sm c         
  45.522  0.126    3.566   39.809   45.154  280.877   23.689   7.08 -0.70  4   44.189   24.389   7.78 0.44 13.13986  -8.4385  2.48372  1.07157 L3h-sm f         
  44.002  0.067    0.656   41.072   41.494  330.745   24.159   7.93  0.00  2   40.503   24.237   8.01 0.20 19.24713 -22.4743  2.88981 -0.38046 L4m-sm f         
  42.647  0.035    0.516   41.133   41.147  353.366   23.484   7.29  0.00  4   40.171   24.316   8.12 0.76 13.34931  -8.9327  2.75300  1.11755 L4h-sm f         
  44.081  0.067    1.487   41.127   41.143  354.556   24.068   7.88  0.00  4   40.152   24.024   7.84 0.60 15.25972 -19.2462  2.86256  0.80095 L4k-sm c         
  42.407  0.039    2.762   40.749   40.824   16.994   23.709   7.54 -0.80  3   39.843   24.345   8.18 0.72 22.02149 -13.2350  2.75770 -1.06153 presur f         
  44.016  0.042    1.362   42.171   44.941  242.028   24.062   7.52  0.00  3   43.965   24.194   7.65 0.56  5.01035  23.0669  2.87380 -0.28560 L3w-sm c         
  44.448  0.170   38.099   36.910   37.243  345.690   23.124   7.36  0.00  4   36.254   23.340   7.58 0.55 19.35501 -23.7227  3.24643 -0.87476 L4o-sm h         
  44.282  0.077    6.277   40.890   41.022  344.983   23.268   7.09  0.00  4   40.031   23.077   6.90 0.52 19.24185 -22.7288  2.91307 -0.44456 L4m-sm c         
  45.924  0.104    1.889   41.129   50.397  203.256   23.695   6.61 -0.70  3   49.435   24.555   7.47 0.44 13.14249  -7.3565  2.26514  0.94627 L3h-sm f         
  44.279  0.046    3.284   42.220   42.336   18.665   23.408   7.14  0.00  3   41.350   23.420   7.15 0.80  2.64449  15.2021  2.89631 -0.89624 L4v-sm c         
  45.222  0.132    4.034   39.234   43.067   61.794   24.254   7.92  0.00  4   42.082   24.313   7.98 0.44  9.41100  16.5435  2.85475  0.96499 L5c-sm f         
  45.316  0.145    0.638   38.759   39.349  338.884   23.895   7.90  0.00  4   38.370   23.764   7.77 0.48 23.44612  -2.8968  2.83382 -1.22631 L3s-sm f         
  44.575  0.048    1.061   42.435   45.044   99.958   24.294   7.68  0.00  2   44.124   24.205   7.59 0.35  4.05109  21.5501  2.62369 -0.53119 L3w-sm f         
  43.834  0.098    2.606   39.534   39.535  358.034   22.953   6.95  0.00  4   38.568   23.056   7.05 0.82  8.54986  20.1110  3.08013  0.82598 L7a-sm f         
  43.990  0.083   13.825   40.334   41.100  325.095   23.595   7.44  0.00  4   40.116   23.580   7.43 0.76  2.54659  15.1007  3.00460 -0.84058 L4v-sm h         
  43.991  0.073    3.270   40.788   45.439  246.869   24.022   7.41  0.00  4   44.474   24.513   7.90 0.58  4.72401  22.8199  2.80088 -0.34759 L3w-sm c         
  45.674  0.137    1.860   39.421   39.421   -1.433   23.461   7.44 -0.80  4   38.443   24.057   8.04 0.82 22.08065 -13.7463  2.80883 -1.08487 presur f         
  44.820  0.048    1.124   42.691   46.867  196.424   23.742   6.98 -0.80  3   45.885   24.772   8.01 0.70 21.98529 -12.2488  2.46478 -0.89154 presur f         
  44.296  0.134   12.524   38.347   39.500  328.220   23.766   7.77  0.00  4   38.503   23.918   7.92 0.59 21.01430 -17.3088  2.93728 -1.00525 L4p-sm h         
  43.129  0.031    2.316   41.783   44.440  166.547   23.398   6.85 -0.70  4   43.486   24.079   7.53 0.67 13.00041  -8.2638  2.50013  1.05929 L3h-sm f         
  43.885  0.050    4.773   41.686   43.056   65.284   24.276   7.88 -0.80  1   42.076   24.757   8.36 0.15 22.01945 -12.5025  2.62526 -1.01982 presur c         
  42.506  0.020    2.253   41.643   41.644    6.098   23.402   7.17  0.00  4   40.653   23.494   7.26 0.75 21.93586 -14.3173  2.78049 -1.00332 L3q-sm f         
  44.178  0.011    2.912   43.679   44.056  285.002   23.793   7.30  0.00  4   43.102   23.921   7.43 0.68  4.52972  22.0434  2.81928 -0.45477 L3w-sm f         
  42.965  0.020    2.629   42.101   42.606  295.850   24.286   7.93  0.00  2   41.664   24.218   7.86 0.17  7.37584  23.7755  2.88411  0.41880 L3y-sm f         
  42.747  0.034    1.001   41.298   42.509  281.476   22.861   6.54  0.00  4   41.540   22.967   6.65 0.85  4.81128  22.4780  2.98473 -0.35730 L3w-sm f         
  44.352  0.072    0.610   41.145   41.296  343.688   24.289   8.05  0.00  2   40.367   24.065   7.83 0.36  4.15596  21.3469  2.86079 -0.53964 L3w-sm c         
  46.703  0.065    1.482   43.667   44.015  333.915   24.378   7.91  0.00  4   43.039   24.186   7.72 0.43  2.32633  14.8783  2.71578 -0.95971 L4v-sm f         
  43.177  0.063    1.327   40.466   44.436  114.440   23.015   6.47 -0.70  4   43.482   23.928   7.38 0.80 13.00565  -7.9024  2.49631  1.06616 L3h-sm f         
  43.291  0.142   27.616   37.157   37.163  358.159   24.474   8.74  0.00  2   36.192   24.030   8.30 0.14  4.85633  22.8993  3.46676 -0.08044 L3w-sm h         
  44.677  0.018    3.011   43.859   45.003  112.453   23.829   7.26  0.00  4   44.039   23.852   7.28 0.67  4.70403  22.7364  2.80737 -0.40729 L3w-sm f         
  43.091  0.023    2.897   42.091   43.680  235.032   24.227   7.79  0.00  4   42.685   24.368   7.93 0.51 15.33291 -20.2469  2.74265  0.76689 L4k-sm f         
  42.517  0.044    4.627   40.646   42.132   75.749   24.022   7.74  0.00  1   41.132   23.959   7.68 0.08 19.58794 -23.6656  2.88508 -0.48837 L4o-sm f         
  42.633  0.028   32.043   41.439   42.604  272.768   23.836   7.52  0.00  4   41.606   24.279   7.96 0.60 22.03388 -10.8270  2.92171 -0.78330 L3q-sm h         
  42.982  0.055    0.286   40.601   44.721  134.786   23.951   7.41  0.00  4   43.758   23.636   7.09 0.43  8.87424  17.5206  2.75564  0.78052 L7a-sm f         
  43.593  0.022    0.674   42.638   43.489  277.253   23.835   7.41  0.00  4   42.496   24.081   7.66 0.70 21.19335 -16.2015  2.71341 -0.83180 L4q-sm f         
  42.505  0.044    2.289   40.614   40.919  328.214   23.623   7.47  0.00  4   39.935   23.976   7.82 0.73 23.54395  -2.5896  2.76850 -1.22052 L3s-sm f         
  43.549  0.041    1.038   41.746   43.580  271.298   23.849   7.42  0.00  4   42.593   24.226   7.80 0.53 23.57331  -1.8126  2.63630 -1.14022 L3s-sm f         
  43.467  0.032    0.913   42.097   44.745  201.235   23.752   7.19 -0.80  3   43.765   24.463   7.90 0.69 22.01874 -12.8393  2.55560 -0.95685 presur f         
  42.660  0.019    1.108   41.828   41.881  340.357   23.726   7.48  0.00  3   40.885   23.743   7.50 0.67 13.75867  -9.7104  2.80410  1.05769 L4h-sm f         
  43.340  0.207   20.265   34.373   38.846  310.317   23.650   7.67  0.00  1   37.894   23.507   7.53 0.34 18.82451 -24.5045  2.95533 -0.44019 L4o-sm h         
  44.127  0.019    5.383   43.301   43.305    3.806   24.201   7.79  0.00  3   42.342   24.327   7.92 0.45  4.68551  22.4865  2.91092 -0.34740 L3w-sm f         
  44.528  0.091    4.467   40.485   40.538  351.602   24.095   7.99  0.00  4   39.537   24.435   8.33 0.59 15.45790 -19.5695  2.95717  0.70774 L4k-sm f         
  44.058  0.063    4.388   41.278   41.707   30.212   24.932   8.71  0.00  1   40.729   24.581   8.36 0.01  9.11806  18.0112  2.93345  0.92073 L5c-sm f         
  44.977  0.093    3.321   40.799   40.801    2.461   24.190   8.02  0.00  1   39.824   24.169   8.00 0.06 18.99001 -21.6534  2.87844 -0.34817 L4n-sm f         
  45.517  0.109    1.975   40.560   42.838   52.080   22.925   6.56 -0.80  4   41.850   23.776   7.41 0.89 21.90204 -13.0213  2.66911 -0.98616 presur f         
  42.965  0.025    1.907   41.899   42.122  323.419   23.720   7.46  0.00  4   41.141   23.955   7.70 0.69  9.22138  17.6133  2.93275  0.89047 L5c-sm f         
  45.368  0.137    0.912   39.139   39.477   16.448   23.653   7.67  0.00  4   38.471   24.225   8.24 0.40 18.90293 -22.7807  3.07675 -0.29758 L4m-sm f         
  42.507  0.047    1.331   40.526   40.824   30.586   24.639   8.54  0.00  2   39.835   24.847   8.75 0.11  2.81330  14.9107  3.01230 -0.91821 L4v-sm f         
  43.380  0.055    5.231   41.007   42.118  304.804   23.652   7.34 -0.70  4   41.163   24.327   8.01 0.48 12.99538  -8.5466  2.62606  1.08388 L3h-sm f         
  46.918  0.101    1.247   42.170   47.572  267.792   24.276   7.47  0.00  1   46.574   24.839   8.03 0.16 19.09747 -22.7498  2.59225 -0.30582 L4m-sm f         
  45.040  0.049    2.719   42.829   43.776   52.920   24.130   7.67 -0.80  1   42.788   24.990   8.53 0.30 21.91774 -13.8834  2.61635 -0.98652 presur f         
  43.251  0.171   29.922   35.846   35.937  352.459   23.389   7.77  0.00  4   34.956   23.416   7.80 0.48 19.42125 -22.0590  3.25640 -0.86168 L4m-sm h         
  43.943  0.074    1.725   40.669   40.665    0.066   24.077   7.95  0.00  4   39.671   23.728   7.60 0.55 21.24967 -17.2572  2.86923 -0.89645 L4q-sm c         
  44.557  0.143    9.917   38.204   40.293  318.259   24.082   7.96  0.00  2   39.351   23.978   7.86 0.40  7.39434  23.3177  3.00037  0.56122 L3y-sm h         
  43.837  0.033    5.184   42.386   43.025   54.563   24.388   7.99 -0.80  1   42.046   25.304   8.91 0.07 22.04243 -13.1563  2.65253 -0.94703 presur c         
  43.803  0.037    0.816   42.187   44.746  235.914   23.875   7.31 -0.80  3   43.768   24.815   8.25 0.60 22.06354 -12.7655  2.54365 -0.95544 presur c         
  44.329  0.051    2.789   42.082   43.487   65.405   23.725   7.34  0.00  4   42.479   23.935   7.55 0.74 21.62075 -14.8264  2.74751 -0.90757 L4q-sm f         
  43.667  0.023    3.838   42.680   42.740  340.578   23.978   7.63  0.00  3   41.746   24.325   7.98 0.63 15.30382 -20.0837  2.79745  0.73381 L4k-sm f         
  43.963  0.054    2.165   41.597   43.939   86.282   24.610   8.15  0.00  1   42.966   24.538   8.08 0.11  8.99331  18.6407  2.81531  0.79406 L5c-sm f         
  45.672  0.119    1.790   40.237   40.401   12.434   24.034   7.90 -0.70  2   39.447   24.418   8.28 0.07 13.03962  -6.5008  2.69221  1.13480 L3h-sm f         
  42.607  0.029    1.575   41.376   42.958  254.859   23.882   7.49 -0.80  3   41.984   24.362   7.97 0.59 22.11786 -13.1135  2.62430 -0.99983 presur f         
  43.877  0.211   24.132   34.632   35.958   24.867   23.349   7.74  0.00  4   34.974   23.064   7.46 0.68 22.61677   4.8821  3.12179 -1.56466 L5r-sm h         
  44.209  0.055    1.248   41.790   42.667  311.967   23.262   6.93  0.00  4   41.697   23.232   6.90 0.77  8.75708  19.1367  2.88723  0.80570 L7a-sm c         
  44.243  0.191   15.945   35.775   36.981   25.310   23.554   7.80 -0.70  3   36.029   24.097   8.34 0.57 12.97215  -8.6928  2.83978  1.45341 L3h-sm h         
  42.624  0.034    3.762   41.179   43.930  205.824   22.884   6.40 -0.80  4   42.952   23.845   7.36 0.89 22.04931 -12.4666  2.60588 -0.93626 presur f         
  45.375  0.141    5.536   38.977   46.864  264.376   24.202   7.44  0.00  2   45.886   24.137   7.37 0.19 19.46054 -22.8598  2.55277 -0.44178 L4m-sm h         
  42.422  0.036    2.325   40.904   43.308  123.889   23.522   7.09  0.00  4   42.341   23.961   7.53 0.58 16.45826 -23.2672  2.73931  0.38877 L5i-sm f         
#
# Total number of objects:       106074.
# Number of detections:          198
# Number of tracked objects:     114
