a_p / 0.38709927d0, 0.72333566d0, 1.00000261d0, 1.52371034d0,
5.20288700d0, 9.53667594d0, 19.18916464d0, 30.06992276d0,
39.48211675d0/,
e_p / 0.20563593d0, 0.00677672d0, 0.01671123d0, 0.09339410d0,
0.04838624d0, 0.05386179d0, 0.04725744d0, 0.00859048d0,
0.24882730d0/,
i_p / 7.00497902d0, 3.39467605d0, -0.00001531d0, 1.84969142d0,
1.30439695d0, 2.48599187d0, 0.77263783d0, 1.77004347d0,
17.14001206d0/,
node_p / 48.33076593d0, 76.67984255d0, 0.0d0, 49.55953891d0,
100.47390909d0, 113.66242448d0, 74.01692503d0, 131.78422574d0,
110.30393684d0/,
peri_p / 77.45779628d0, 131.60246718d0, 102.93768193d0,
-23.94362959d0, 14.72847983d0, 92.59887831d0, 170.95427630d0,
44.96476227d0, 224.06891629d0/,
capl_p / 252.25032350d0, 181.97909950d0, 100.46457166d0,
-4.55343205d0, 34.39644051d0, 49.95424423d0, 313.23810451d0,
-55.12002969d0, 238.92903833d0/,

da_p / 0.00000037d0, 0.00000390d0, 0.00000562d0, 0.00001847d0,
-0.00011607d0, -0.00125060d0, -0.00196176d0, 0.00026291d0,
-0.00031596d0/,
de_p / 0.00001906d0, -0.00004107d0, -0.00004392d0, 0.00007882d0,
-0.00013253d0, -0.00050991d0, -0.00004397d0, 0.00005105d0,
0.00005170d0/,
di_p / -0.00594749d0, -0.00078890d0, -0.01294668d0,
-0.00813131d0, -0.00183714d0, 0.00193609d0, -0.00242939d0,
0.00035372d0, 0.00004818d0/,
dnode_p / -0.12534081d0, -0.27769418d0, 0.0d0, -0.29257343d0,
0.20469106d0, -0.28867794d0, 0.04240589d0, -0.00508664d0,
-0.01183482d0/,
dperi_p / 0.16047689d0, 0.00268329d0, 0.32327364d0,
0.44441088d0, 0.21252668d0, -0.41897216d0, 0.40805281d0,
-0.32241464d0, -0.04062942d0/,
dcapl_p / 149472.67411175d0, 58517.81538729d0, 35999.37244981d0,
19140.30268499d0, 3034.74612775d0, 1222.49362201d0,
428.48202785d0, 218.45945325d0, 145.20780515d0/
