# Seed =  123456789
# Epoch of elements: JD = [2456293.5 2456293.5 2456293.5 ... 2456293.5 2456293.5 2456293.5]
# Longitude of Neptune: lambdaN = 333.5078 deg
# Colors = [' 0.00 ', '-0.70 ', '-1.20 ', '-1.70 ', ' 0.30 ', ' 0.50 ', ' 0.10 ', '-0.80 ', '-1.20 ', ' 0.00 ']
#
# Creation_time: 2022-07-21T13:18:32.000  -0700
# flag: >0: detected; >2: characterized; 0 mod(2): tracked
# Survey: name of the observing block where model object was detected
#          a          e        inc       node       peri          M          H          q          r         mt     m_rand     h_rand      color       flag      delta      m_int        eff         RA        DEC     Survey       comp          j          k 
     47.5289     0.3649     0.5212   358.4003    88.5195   262.3647     7.6459    30.1838    30.8198    -9.9439    23.4004     8.4245     0.6580          4    29.8944    22.6217     0.7821   61.54495    21.3653 L3w-smooth Asymmetric_Trailing          2          1
     47.9544     0.3243    13.3569   144.9278   206.7925    31.3420     7.4573    32.4024    33.0475   -11.2903    22.7234     7.4662    -0.1000          4    32.0721    22.7145     0.8975  331.47991   -12.6371 presurvey- Asymmetric_Leading          2          1
     47.4188     0.3624    13.9641   229.2193    21.9789   224.5955     7.3676    30.2329    30.8042    -9.4951    23.5717     8.6297     1.1787          4    29.8215    22.3096     0.7463  226.79419   -17.4131 L4k-smooth Symmetric           2          1
     47.7539     0.3524     0.6632   356.2928    92.1857   302.9078     8.4694    30.9268    31.5130    -9.8736    23.9941     8.9352     0.7916          3    30.5740    23.5283     0.5978   64.18972    21.9749 L3w-smooth Symmetric           2          1
     47.7087     0.3155     4.2934   260.5705   184.1998   161.1131     6.8846    32.6581    33.1306    -9.8877    22.8844     7.6003     0.7444          4    32.2011    22.1687     0.8520   62.21027    22.1947 L3w-smooth Asymmetric_Leading          2          1
     47.6140     0.3384    12.3790   325.3048    15.8176   176.9552     7.8308    31.5030    31.9640    -9.1756    23.4629     8.4203     0.7302          4    30.9561    22.8735     0.8128  324.16265   -15.1111 L4q-smooth Symmetric           2          1
     47.3735     0.1504     9.2065   220.3299   190.7459   141.5219     7.6084    40.2476    40.3658    -8.9975    24.7072     8.6234     0.8356          1    39.3865    23.6921     0.0643   36.12467    14.6069 L4v-smooth Symmetric           2          1
     47.2392     0.3174    15.0618     9.9060   209.3697   199.3408     7.8715    32.2456    32.8024   -10.7462    23.1302     7.8912     0.0000          4    31.8491    23.1106     0.7755  194.69530    -8.5166 L3h-smooth Asymmetric_Trailing          2          1
     47.6120     0.2445    10.3469   291.5878    14.4089   334.3509     7.7486    35.9693    36.2351    -9.3410    24.0215     8.3643     0.6662          2    35.2594    23.4057     0.2540  292.40431   -22.1003 L4m-smooth Asymmetric_Trailing          2          1
     47.5395     0.2317     8.4504    52.7176   193.6830   184.6105     6.9460    36.5223    36.7800    -9.5460    23.1008     7.3834     0.4091          4    35.8102    22.6634     0.8059  228.83105   -17.7656 L4j-smooth Asymmetric_Trailing          2          1
     47.9542     0.1961     3.4614   125.4964   207.5369     4.0655     6.8733    38.5515    38.7290    -9.0781    23.2758     7.3786     0.6286          4    37.7257    22.7705     0.8447  321.77700   -15.9082 L4q-smooth Symmetric           2          1
     47.6021     0.3304     8.5863   142.7785   206.5752    33.6385     7.1233    31.8754    32.4219   -10.2422    23.0769     7.9394     0.7918          4    31.4267    22.2608     0.8040  330.15314   -13.0385 L3q-smooth Asymmetric_Leading          2          1
     48.1936     0.2790     8.5186   226.8227   187.3533     1.2481     7.7026    34.7465    35.0437    -8.7688    24.1677     8.6942     0.8628          4    34.0663    23.1760     0.5799   35.09621    15.4026 L4v-smooth Asymmetric_Leading          2          1
     47.2952     0.3366    11.0391   291.7258   200.9615   276.5167     7.2130    31.3771    31.9218    -9.9930    22.5179     7.3917     0.2721          4    30.9957    22.3393     0.8543  113.94483    21.6505 L3y-smooth Symmetric           2          1
     47.8585     0.3149     4.3002   193.0697    30.6257    14.3127     7.0948    32.7861    33.2195    -9.4481    23.4755     8.2188     0.9841          4    32.2346    22.3515     0.7606  202.88704    -8.6071 L4h-smooth Asymmetric_Trailing          2          1
     47.9108     0.2478    10.6594   294.8962   190.9648    64.4268     7.4385    36.0394    36.3472    -9.8010    23.7258     8.0506     0.6195          4    35.4085    23.1137     0.6686  111.53598    23.0601 L3y-smooth Asymmetric_Trailing          2          1
     47.6445     0.2251     5.4191   337.1998     9.4350    32.8938     8.5224    36.9175    37.2641   -11.4007    23.8594     8.0843    -0.1000          3    36.2874    24.2975     0.6100  331.17462   -12.7292 presurvey- Asymmetric_Leading          2          1
     47.6710     0.3473    13.4294   292.8754    67.5085   164.3949     7.1245    31.1125    31.4855    -8.0206    22.7819     7.7665     0.5903          4    30.4937    22.1399     0.7783  339.49038     2.7799 L5r-smooth Symmetric           2          1
     47.8140     0.3707    11.9648   143.1110   211.0397   309.1992     8.6407    30.0888    30.9392   -11.3401    23.5116     8.5428    -0.1000          4    29.9611    23.6096     0.8075  330.98743   -13.0014 presurvey- Asymmetric_Trailing          2          1
     48.1831     0.3129     5.0092   343.9561     5.8769   129.3118     7.7976    33.1052    33.5857   -10.0575    23.4344     8.1555     0.2239          4    32.5856    23.0765     0.7408  332.17240   -12.7894 L3q-smooth Asymmetric_Trailing          2          1
     48.1675     0.1159     8.2463   327.7192     2.8833   319.2808     7.1194    42.5847    42.6688    -9.0179    23.9275     7.6081     0.4781          3    41.6658    23.4388     0.6529  321.89487   -16.2977 L4q-smooth Asymmetric_Trailing          2          1
     48.0404     0.3149    15.1204   109.5351    22.2344   278.8154     6.9753    32.9128    33.3778    -9.7614    22.7375     7.4161     0.4811          4    32.4551    22.2967     0.8464  114.65636    22.2340 L3y-smooth Symmetric           2          1
     47.3165     0.2604    14.3467   144.3675   201.9099   311.6420     8.2039    34.9973    35.4427   -11.5194    23.5160     7.9696    -0.1000          3    34.4560    23.7503     0.8061  328.84543   -13.1170 presurvey- Asymmetric_Trailing          2          1
     47.8292     0.1722    19.5138   310.0014   184.3596   278.9445     8.0507    39.5906    39.6656    -6.4927    24.9580     8.9375     0.3482          2    38.6994    24.0711     0.0000  128.40470    20.5171 L7a-smooth Symmetric           2          1
     47.9628     0.3383     1.7807   133.6469    78.8890   202.0712     7.1224    31.7380    32.3612   -10.6016    22.9644     7.8535     0.8019          4    31.3716    22.2333     0.8744  190.00861    -2.6463 L3f-smooth Asymmetric_Trailing          2          1
     47.4645     0.2477     4.4749   118.3109    28.7544   129.1179     7.7937    35.7063    35.9464    -8.6913    23.9118     8.3261     0.4070          4    34.9733    23.3793     0.6296  134.73837    18.2702 L5c-smooth Asymmetric_Leading          2          1
     47.4046     0.1538     4.5286   335.7832     6.9254   212.7187     7.7708    40.1161    40.3159   -11.4873    23.5003     7.3915    -0.1000          3    39.3329    23.8796     0.8110  329.75742   -13.0796 presurvey- Asymmetric_Leading          2          1
     48.1600     0.1697    21.8623    13.4467   198.9363   239.7767     7.0223    39.9849    40.1811   -10.4395    23.0828     6.9679     0.0000          4    39.2282    23.1372     0.7883  194.83118    -8.0088 L3h-smooth Symmetric           2          1
     47.3316     0.1367    19.8745   124.5520   197.4031    46.9456     7.2795    40.8606    40.9701    -9.2700    23.9664     7.7908     0.6284          3    39.9862    23.4551     0.4427  311.94161   -19.7159 L4p-smooth Asymmetric_Leading          2          1
     48.1982     0.3728    11.4915   190.5293    32.6906   233.4998     8.7561    30.2299    30.9696   -10.4271    23.8202     8.8372     0.0000          1    30.0082    23.7390     0.2811  197.53247    -5.5610 L3h-smooth Symmetric           2          1
     47.7834     0.3668     7.5549   134.3684   204.3014   135.6885     8.8819    30.2578    30.7990    -9.1269    24.1908     9.2807     0.4166          3    29.7998    23.7920     0.4247  320.00323   -16.0527 L4q-smooth Asymmetric_Trailing          2          1
     48.0618     0.2473     7.4988    25.6217   188.3798    99.5162     7.5000    36.1744    36.5218   -10.4715    23.3436     7.6362     0.0000          4    35.5744    23.2074     0.6991  194.98270    -5.0348 L3h-smooth Asymmetric_Leading          2          1
     48.1304     0.3213     9.7493    29.9145   189.1189   100.1955     7.5965    32.6678    33.2172   -10.4491    22.8366     7.5462     0.0000          4    32.2607    22.8869     0.8370  196.85545    -4.8959 L3h-smooth Asymmetric_Leading          2          1
# Total number of objects:         85482
# Number of detections:           33
# Number of tracked objects:      29
