16.0	! Sigma inclination
0.d0	! Smallest absolute magnitude
10.99d0	! Absolute magnitude at knee
11.d0	! Largest absolute magnitude
0.90	! Slope of bright H distribution
0.50	! Slope of faint H distribution
6.0	! Contrast of H distribution at knee
0.06	! Sigma eccentricity
0.18	! Mean eccentricity
95.0	! Resonant argument libration amplitude
0.1	! Fraction of kozai resonators
78	! Number of lines with kozai parameters
0.91706007	 ! Kappa
      0.16584000      0.30914000       15.356973       21.574969      0.89302596       11.332906	! Kozai parameters
      0.16660000      0.30880000       15.381182       21.556136      0.88966325       13.275235
      0.16736000      0.30846000       15.405319       21.537193      0.88630460       14.976921
      0.16812000      0.30802000       15.436448       21.518140      0.88295040       16.512449
      0.16888000      0.30768000       15.460420       21.498977      0.87960103       17.921926
      0.16964000      0.30734000       15.484322       21.479704      0.87625688       19.234001
      0.17040000      0.30700000       15.508153       21.460320      0.87291833       20.465861
      0.17116000      0.30656000       15.538889       21.440825      0.86958579       21.640425
      0.17192000      0.30622000       15.562560       21.421218      0.86625964       22.751964
      0.17268000      0.30588000       15.586161       21.401499      0.86294028       23.823396
      0.17344000      0.30544000       15.616601       21.381667      0.85962812       24.854721
      0.17420000      0.30510000       15.640044       21.361723      0.85632354       25.845939
      0.17496000      0.30466000       15.670281       21.341665      0.85302697       26.808509
      0.17572000      0.30432000       15.693568       21.321494      0.84973881       27.742431
      0.17648000      0.30388000       15.723604       21.301208      0.84645946       28.647705
      0.17724000      0.30354000       15.746737       21.280808      0.84318935       29.535790
      0.17800000      0.30310000       15.776574       21.260293      0.83992888       30.400957
      0.17876000      0.30276000       15.799554       21.239662      0.83667848       31.243206
      0.17952000      0.30232000       15.829195       21.218916      0.83343857       32.073995
      0.18028000      0.30198000       15.852024       21.198053      0.83020957       32.881866
      0.18104000      0.30154000       15.881470       21.177073      0.82699191       33.678278
      0.18180000      0.30110000       15.910808       21.155976      0.82378602       34.463231
      0.18256000      0.30076000       15.933404       21.134762      0.82059233       35.236725
      0.18332000      0.30032000       15.962550       21.113429      0.81741127       35.993030
      0.18408000      0.29988000       15.991590       21.091978      0.81424329       36.737876
      0.18484000      0.29944000       16.020523       21.070407      0.81108882       37.476992
      0.18560000      0.29900000       16.049350       21.048717      0.80794830       38.204649
      0.18636000      0.29866000       16.071554       21.026907      0.80482219       38.920846
      0.18712000      0.29822000       16.100196       21.004977      0.80171092       39.631315
      0.18788000      0.29778000       16.128734       20.982925      0.79861496       40.336053
      0.18864000      0.29734000       16.157168       20.960752      0.79553475       41.029333
      0.18940000      0.29690000       16.185499       20.938457      0.79247076       41.716883
      0.19016000      0.29646000       16.213729       20.916039      0.78942343       42.392974
      0.19092000      0.29602000       16.241857       20.893498      0.78639324       43.069064
      0.19168000      0.29558000       16.269884       20.870834      0.78338065       43.739425
      0.19244000      0.29514000       16.297810       20.848046      0.78038612       44.398327
      0.19320000      0.29470000       16.325637       20.825133      0.77741013       45.057229
      0.19396000      0.29416000       16.359652       20.802095      0.77445315       45.710402
      0.19472000      0.29372000       16.387258       20.778931      0.77151565       46.357845
      0.19548000      0.29328000       16.414767       20.755642      0.76859812       46.999558
      0.19624000      0.29284000       16.442177       20.732225      0.76570103       47.641271
      0.19700000      0.29240000       16.469491       20.708681      0.76282488       48.277255
      0.19776000      0.29186000       16.502881       20.685009      0.75997014       48.907509
      0.19852000      0.29142000       16.529980       20.661209      0.75713731       49.532033
      0.19928000      0.29098000       16.556985       20.637280      0.75432687       50.156558
      0.20004000      0.29044000       16.589997       20.613222      0.75153934       50.781082
      0.20080000      0.29000000       16.616792       20.589033      0.74877519       51.394148
      0.20156000      0.28946000       16.649547       20.564714      0.74603494       52.012943
      0.20232000      0.28902000       16.676134       20.540263      0.74331910       52.620278
      0.20308000      0.28848000       16.708636       20.515680      0.74062815       53.233344
      0.20384000      0.28804000       16.735017       20.490965      0.73796262       53.840680
      0.20460000      0.28750000       16.767269       20.466117      0.73532302       54.442286
      0.20536000      0.28696000       16.799384       20.441135      0.73270987       55.049621
      0.20612000      0.28652000       16.825451       20.416019      0.73012367       55.645498
      0.20688000      0.28598000       16.857320       20.390768      0.72756496       56.247104
      0.20764000      0.28544000       16.889055       20.365381      0.72503425       56.842981
      0.20840000      0.28500000       16.914814       20.339858      0.72253208       57.438857
      0.20916000      0.28446000       16.946307       20.314199      0.72005897       58.034734
      0.20992000      0.28392000       16.977668       20.288401      0.71761545       58.624881
      0.21068000      0.28338000       17.008898       20.262466      0.71520207       59.215028
      0.21144000      0.28284000       17.039998       20.236391      0.71281935       59.805175
      0.21220000      0.28230000       17.070968       20.210177      0.71046785       60.395322
      0.21296000      0.28176000       17.101809       20.183823      0.70814810       60.985469
      0.21372000      0.28122000       17.132522       20.157328      0.70586066       61.569886
      0.21448000      0.28068000       17.163108       20.130692      0.70360606       62.154304
      0.21524000      0.28014000       17.193568       20.103913      0.70138487       62.738721
      0.21600000      0.27960000       17.223902       20.076991      0.69919764       63.323139
      0.21676000      0.27906000       17.254111       20.049925      0.69704493       63.901827
      0.21752000      0.27852000       17.284196       20.022715      0.69492730       64.491974
      0.21828000      0.27788000       17.319692       19.995360      0.69284532       65.070661
      0.21904000      0.27734000       17.349508       19.967859      0.69079955       65.649349
      0.21980000      0.27680000       17.379202       19.940211      0.68879057       66.233767
      0.22056000      0.27616000       17.414238       19.912416      0.68681894       66.818184
      0.22132000      0.27562000       17.443668       19.884472      0.68488525       67.396872
      0.22208000      0.27508000       17.472979       19.856380      0.68299007       67.975560
      0.22284000      0.27444000       17.507563       19.828138      0.68113398       68.559977
      0.22360000      0.27390000       17.536615       19.799745      0.67931758       69.138665
      0.22436000      0.27326000       17.570894       19.771201      0.67754145       69.717353
 0.0d0 -0.70d0 -1.2d0 -1.7d0 0.8d0 0.5d0  0.1d0 -0.8d0 -1.2d0 0.0d0	! Colors
.false.	! Should we log the generated orbits ?
