# Seed =  123456789
# Epoch of elements: JD = 2456839.5
# Longitude of Neptune: longitude_neptune = 5.876 rad
# Colors =  0.00  -0.70  -1.20  -1.70   0.30   0.50   0.10  -0.80  -1.20   0.00 
#
# Creation_time: 2022-09-09T08:29:59.000  -0700
# flag: >0: detected; >2: characterized; 0 mod(2): tracked
# Survey: name of the observing block where model object was detected
#          a          e        inc       node       peri          M          H          q          r         Mt     m_rand     h_rand      color       flag      delta      m_int        eff         RA        DEC       comp          j          k 
     44.0284     0.0000     0.0000   329.4620   142.1652   220.6009     7.0199    44.0284    44.0245   208.4386    24.3474     7.8975     0.7615          2    43.0194    23.4698     0.1949  322.31927   -14.8428 Cls                 0          0
     46.4987     0.0000     0.0000   314.3477   246.8006   170.3274     5.7441    46.4987    46.4957   158.1042    23.3885     6.7136     0.8009          3    45.4965    22.4190     0.8158  359.22598    -0.3355 Cls                 0          0
     44.8624     0.0000     0.0000    45.5296   208.5201   252.1552     7.4743    44.8624    44.8655   240.9047    24.0256     7.4928     0.4270          3    43.8853    24.0071     0.5825  137.27411    16.3920 Cls                 0          0
     46.4208     0.0000     0.0000   184.5977   286.2298   229.6614     7.5094    46.4208    46.4177   216.1043    24.2626     7.5441    -0.1000          1    45.4344    24.2279     0.1599  329.45124   -12.4273 Cls                 0          0
     44.7476     0.0000     0.0000   267.1455   199.3193   105.0825     6.9854    44.7476    44.7483    91.6273    23.1845     6.6091     0.0000          4    43.7901    23.5607     0.7594  196.30961    -6.9418 Cls                 0          0
     45.7810     0.0000     0.0000   183.6442    29.4603   236.5836     6.6419    45.7810    45.7831   224.3264    24.1229     7.5031     1.1287          4    44.8053    23.2617     0.5195   76.19355    22.8325 Cls                 0          0
     42.9299     0.0000     0.0000   212.3089   341.2085   148.9920     7.5234    42.9299    42.9269   133.7482    23.5449     7.1631    -0.1000          4    41.9451    23.9052     0.7964  329.80502   -12.3010 Cls                 0          0
     44.9404     0.0000     0.0000    36.1872   110.3684   222.4473     7.2573    44.9404    44.9372   209.5829    24.1635     7.6179     0.2131          2    43.9439    23.8029     0.1459  356.29995    -1.6026 Cls                 0          0
     46.2179     0.0000     0.0000   302.2766   310.2490   196.2220     6.8159    46.2179    46.2200   184.1382    24.0236     7.3581     0.5060          4    45.2438    23.4815     0.5824   75.34903    22.7560 Cls                 0          0
     43.5201     0.0000     0.0000   239.5267    65.9614   264.5481     6.7957    43.5201    43.5209   250.5197    23.4771     7.0129     0.0000          4    42.5747    23.2598     0.6274  194.31797    -6.1198 Cls                 0          0
     42.9859     0.0000     0.0000   166.3152   125.7772    49.1638     6.7599    42.9859    42.9816    35.3175    23.6865     7.3209     0.5096          4    41.9880    23.1254     0.6642  329.37712   -12.4536 Cls                 0          0
     44.3730     0.0000     0.0000    37.0285    67.9598   236.9977     7.2536    44.3730    44.3700   222.4915    23.6788     7.1530    -0.1000          3    43.3892    23.7795     0.7377  330.00427   -12.2297 Cls                 0          0
     45.7982     0.0000     0.0000   277.9831   188.7756    38.9819     7.3535    45.7982    45.8012    28.0744    24.8532     8.2299     0.4523          2    44.8213    23.9768     0.0201  137.15349    16.4273 Cls                 0          0
     45.4021     0.0000     0.0000   222.4402   279.6355    69.8260     7.0831    45.4021    45.4028    56.6607    24.1143     7.4790     0.0000          1    44.4411    23.7184     0.0361  196.92823    -7.1949 Cls                 0          0
     44.7545     0.0000     0.0000    89.1242   261.5915    58.1935     7.0262    44.7545    44.7515    46.5961    24.0859     7.5460     0.4609          4    43.7763    23.5661     0.6174   34.74844    13.8807 Cls                 0          0
     45.0188     0.0000     0.0000   208.3436   282.2743   164.8117     7.7944    45.0188    45.0163   152.8693    24.2515     7.6891     0.4219          2    44.0135    24.3568     0.1708  284.87615   -22.7346 Cls                 0          0
     45.0658     0.0000     0.0000   161.6461    49.3326   273.2631     6.2199    45.0658    45.0697   260.7395    23.4622     6.8484     0.6266          4    44.1441    22.8337     0.7581  113.92424    21.6187 Cls                 0          0
     45.6066     0.0000     0.0000   133.5930   136.1524   295.2224     5.6592    45.6066    45.6075   282.0402    23.2192     6.6050     0.8412          4    44.6216    22.2734     0.8208  191.00460    -4.7310 Cls                 0          0
     43.8496     0.0000     0.0000    58.2527   202.9333   153.4849     7.1377    43.8496    43.8469   141.5268    24.4323     8.0129     0.5695          2    42.8597    23.5570     0.3638   40.16510    15.6232 Cls                 0          0
     45.4246     0.0000     0.0000   264.2242   336.3376   208.4175     7.1666    45.4246    45.4267   196.0157    24.1566     7.5659     0.4112          4    44.4506    23.7573     0.4931   75.25099    22.7468 Cls                 0          0
     44.8983     0.0000     0.0000    48.5607   182.5479   110.5265     7.3169    44.8983    44.8952    96.2740    23.7307     7.1544    -0.1000          3    43.9140    23.8932     0.7075  329.90489   -12.2653 Cls                 0          0
     43.7181     0.0000     0.0000    56.7487   315.8803   308.8416     6.8835    43.7181    43.7145   296.5359    23.9530     7.4963     0.6578          4    42.7309    23.3402     0.4564  311.27168   -18.0483 Cls                 0          0
     44.6961     0.0000     0.0000   226.2511   285.9799   189.5279     7.5000    44.6961    44.6931   175.1786    23.7306     7.1738    -0.1000          3    43.7120    24.0569     0.7076  329.93293   -12.2552 Cls                 0          0
     44.5525     0.0000     0.0000    11.4895    45.2724   239.1544     7.5000    44.5525    44.5500   227.0240    24.6989     8.1801     0.3396          2    43.5481    24.0187     0.0603  285.20818   -22.7028 Cls                 0          0
     45.2151     0.0000     0.0000    71.2766   276.5028    64.1295     7.0469    45.2151    45.2123    52.7089    24.2340     7.6671     0.8824          3    44.2289    23.6139     0.5427   37.92633    14.9217 Cls                 0          0
     45.0321     0.0000     0.0000    47.7665   228.0031   135.2754     6.9383    45.0321    45.0292   123.7851    24.7125     8.1578     1.0360          1    44.0479    23.4930     0.0613   36.98914    14.6201 Cls                 0          0
     46.0155     0.0000     0.0000   236.6318   193.8361   261.5481     6.2418    46.0155    46.0115   250.1650    23.0641     6.4255     0.2811          4    45.0052    22.8804     0.8678  322.89496   -14.6574 Cls                 0          0
     43.6220     0.0000     0.0000   249.4919    37.5783    54.3108     6.9977    43.6220    43.6189    39.4283    23.4289     6.9816    -0.1000          3    42.6338    23.4450     0.8305  329.04446   -12.5717 Cls                 0          0
     46.5442     0.0000     0.0000   212.6310     7.8923   276.3170     6.4730    46.5442    46.5423   267.8701    23.9344     7.2257     0.5548          4    45.5726    23.1817     0.4451  131.03207    18.1103 Cls                 0          0
     45.8008     0.0000     0.0000    78.7597    69.1898   267.7571     6.8489    45.8008    45.7983   256.5549    24.0283     7.4322     0.6741          4    44.8091    23.4450     0.6401   41.98598    16.1736 Cls                 0          0
     45.9097     0.0000     0.0000   144.6693   167.1418   129.2251     7.2841    45.9097    45.9112   117.0195    24.5828     7.9081     0.5896          1    44.9614    23.9589     0.0563   66.77518    21.7234 Cls                 0          0
     44.5762     0.0000     0.0000    41.5193    45.8194    56.9537     7.1552    44.5762    44.5792    45.5947    24.2828     7.7665     0.3932          4    43.6037    23.6715     0.4161  135.20710    16.9859 Cls                 0          0
     44.0347     0.0000     0.0000   353.5046   282.7769    63.5527     6.8940    44.0347    44.0303    50.1980    24.1868     7.7118     0.4539          2    43.0397    23.3690     0.2699  328.46565   -12.7759 Cls                 0          0
     45.4296     0.0000     0.0000   251.6241   246.8335   344.0764     6.7824    45.4296    45.4335   331.7029    23.8877     7.2455     0.7831          3    44.4991    23.4245     0.5769  112.22953    21.8671 Cls                 0          0
     45.0059     0.0000     0.0000    22.7149   339.3979   134.6908     6.4584    45.0059    45.0040   125.8073    23.4105     6.8501     0.4416          4    44.0330    23.0187     0.7258  130.54790    18.2341 Cls                 0          0
     45.4688     0.0000     0.0000   287.0604   231.0994   182.5707     7.8196    45.4688    45.4657   168.5856    24.0900     7.4620    -0.1000          1    44.4816    24.4476     0.3536  329.27435   -12.4902 Cls                 0          0
     44.1690     0.0000     0.0000   167.3059   251.8331    20.9071     6.5443    44.1690    44.1704     7.9728    24.0815     7.5663     0.9729          4    43.2289    23.0595     0.5481   64.89799    21.4353 Cls                 0          0
     45.0381     0.0000     0.0000   122.9688    61.9208    57.7251     5.5884    45.0381    45.0390    45.5912    23.0893     6.4974     0.8802          4    44.0677    22.1804     0.8078  228.37813   -17.9574 Cls                 0          0
     45.5570     0.0000     0.0000     4.8846    89.5239   149.6221     6.3580    45.5570    45.5578   137.6950    23.4377     6.7891     0.6528          4    44.5944    23.0066     0.7279  230.05923   -18.3872 Cls                 0          0
     45.1083     0.0000     0.0000   156.7150   227.6439   302.8422     7.5000    45.1083    45.1045   291.1140    24.2332     7.6529     0.3118          1    44.1121    24.0804     0.3655  317.67894   -16.2726 Cls                 0          0
     42.7831     0.0000     0.0000    96.8740    40.1365   303.8010     6.7293    42.7831    42.7846   290.2332    23.8337     7.4568     0.7861          4    41.8424    23.1062     0.6656   65.02779    21.4560 Cls                 0          0
     45.3318     0.0000     0.0000   119.6245   271.8478   180.1540     6.5430    45.3318    45.3324   166.9581    23.1687     6.5388     0.0000          4    44.3724    23.1729     0.7643  196.63640    -7.0756 Cls                 0          0
# Total number of objects:         85778
# Number of detections:           42
# Number of tracked objects:      29
