# Seed:  123456789
#
# Creation time: 2020-04-24T09:18:37.000  +0200
#
# flag: >0: detected; >2: characterized; 0 mod(2): tracked
# Survey: name of the block
#
#   a      e        i        q        r        M       node     peri  m_rand H_rand color flag delta    m_int    H_int eff   RA(H)     DEC    Surv. Comments
  34.976  0.112    4.377   31.059   38.753  162.785  261.891    6.291  23.72   7.81  0.00  4   37.783   23.643   7.73 0.70  4.84460  23.0789 L3w-smooth resonant  
  42.232  0.130    9.111   36.742   42.136  278.418   44.709   95.173  23.89   7.65  0.00  4   41.148   23.741   7.50 0.69  2.72788  15.6264 L4v-smooth resonant  
  42.128  0.202   13.293   33.618   41.496  285.788  100.408  279.527  23.82   7.62  0.00  1   40.490   24.413   8.21 0.33 18.91733 -23.3244 L4m-smooth resonant  
  42.481  0.342    0.092   27.952   28.113  354.352   61.203   80.460  23.42   8.89  0.00  4   27.147   23.476   8.95 0.72  8.82089  17.8680 L7a-smooth resonant  
  42.188  0.410    3.599   24.891   27.539   19.640  328.430  109.390  22.66   8.22  0.00  4   26.575   22.559   8.12 0.86  8.60276  20.0908 L7a-smooth resonant  
  42.413  0.161    5.858   35.585   43.518   90.240  179.961   67.759  22.97   6.57  0.00  4   42.525   22.876   6.47 0.86 23.74030  -1.2465 L3s-smooth resonant  
  42.273  0.221    7.848   32.931   36.034  321.349  320.752  234.768  24.09   8.53  0.00  4   35.050   24.302   8.74 0.55  9.31263  16.1957 L5c-smooth resonant  
  42.495  0.199   13.527   34.038   40.614  293.977  247.823  264.952  24.03   7.86  0.00  4   39.688   24.515   8.35 0.58  4.10932  21.7679 L3w-smooth resonant  
  42.364  0.073    5.426   39.271   44.328  126.272  323.419  230.338  24.26   7.74 -0.80  1   43.342   24.887   8.37 0.16 21.92278 -12.3356 presurvey- resonant  
  42.422  0.258   28.101   31.477   39.331   59.398  132.317  273.210  24.45   8.49  0.00  2   38.353   24.467   8.50 0.25  9.08772  17.5183 L5c-smooth resonant  
  55.350  0.418    0.850   32.214   33.927   13.139  102.968   60.566  23.11   7.73 -0.70  4   32.972   23.833   8.45 0.78 13.06744  -5.8760 L3h-smooth resonant  
  55.500  0.285    6.120   39.683   42.048  336.837  112.610  222.942  23.52   7.27  0.00  4   41.038   23.447   7.20 0.52 19.70207 -21.4985 L4n-smooth resonant  
  55.279  0.377   30.330   34.439   34.463    1.667  248.823  175.665  23.66   8.22  0.00  4   33.515   23.506   8.07 0.72  4.41865  21.8387 L3w-smooth resonant  
  55.431  0.437    7.292   31.208   45.546   43.055  237.391  259.912  23.77   7.14  0.00  4   44.564   24.057   7.42 0.70 15.08693 -18.4901 L4k-smooth resonant  
  55.315  0.301    2.981   38.665   38.718    3.150  340.774  204.531  23.95   8.05  0.00  1   37.731   23.581   7.68 0.17 12.67135  -6.0307 L3f-smooth resonant  
  36.428  0.152    6.096   30.891   41.592  155.798  336.084  188.384  23.78   7.53 -0.80  3   40.606   24.771   8.53 0.68 21.95489 -13.5959 presurvey- resonant  
  36.417  0.093    7.310   33.030   35.025  299.169   59.341  254.467  23.11   7.62  0.00  4   34.035   23.035   7.55 0.70 16.08908 -21.3369 L5i-smooth resonant  
  36.631  0.087    6.115   33.444   34.053  327.023  334.136  203.639  24.27   8.97  0.00  4   33.067   24.104   8.80 0.43  9.45416  16.7508 L5c-smooth resonant  
  36.522  0.160    5.109   30.678   31.857  328.503   32.892  237.381  23.05   7.95  0.00  4   30.886   23.142   8.04 0.83 14.92532 -18.0956 L4k-smooth resonant  
  36.690  0.127    2.105   32.030   32.087    7.932  342.217  139.455  23.84   8.72  0.00  4   31.130   23.556   8.44 0.53  9.01386  18.1245 L7a-smooth resonant  
  36.508  0.118   23.651   32.200   33.737   44.831  180.760  123.315  23.17   7.90  0.00  3   32.737   23.112   7.84 0.85 23.95360   0.2726 L3s-smooth resonant  
  39.461  0.105   10.064   35.318   35.561  342.332   56.001   29.685  24.16   8.56  0.00  3   34.639   24.145   8.55 0.49  4.05671  22.1702 L3w-smooth resonant  
  39.498  0.185    9.820   32.191   40.716  270.838  279.525  114.973  23.77   7.62  0.00  2   39.738   23.628   7.47 0.38 19.01162 -21.8273 L4n-smooth resonant  
  39.326  0.212    9.653   30.989   42.457  100.824  178.254   57.113  23.31   7.03  0.00  4   41.459   23.285   7.00 0.83 23.89217  -0.7205 L3s-smooth resonant  
  39.306  0.176   14.749   32.388   36.963  299.262   38.893   78.589  24.38   8.68  0.00  4   35.987   24.479   8.77 0.42  2.33247  13.5529 L4v-smooth resonant  
  39.326  0.224   22.740   30.517   31.018  344.871  235.723   20.796  23.49   8.53  0.00  4   30.024   23.825   8.87 0.76 15.29363 -19.6369 L4k-smooth resonant  
  39.575  0.161   11.011   33.203   33.618   17.471  250.125  333.958  24.75   9.42  0.00  2   32.652   24.266   8.93 0.00 16.47618 -22.1250 L5i-smooth resonant  
  39.478  0.146    1.772   33.714   34.428   24.778   20.138  143.169  22.69   7.23 -0.70  4   33.480   23.312   7.86 0.86 12.97778  -6.1373 L3h-smooth resonant  
  39.587  0.202   24.152   31.590   32.659  335.843   77.017   36.061  23.99   8.84  0.00  4   31.683   23.643   8.49 0.60  5.02765  22.6496 L3w-smooth resonant  
  39.321  0.208   20.353   31.142   31.999   21.135    9.977  147.149  23.53   8.47  0.00  4   31.008   23.587   8.53 0.65 12.59914  -3.6825 L3f-smooth resonant  
  39.422  0.174   17.849   32.563   34.292   34.957   68.484  132.310  23.40   7.97  0.00  4   33.331   23.367   7.94 0.62 16.55148 -22.2579 L5i-smooth resonant  
  39.405  0.268   17.847   28.844   34.040  313.744   44.395   73.879  24.17   8.87  0.00  3   33.051   24.059   8.76 0.58  2.78980  16.1296 L4v-smooth resonant  
  39.529  0.131   17.574   34.351   34.948   24.268  223.499  331.781  23.41   7.94  0.00  4   33.961   23.334   7.86 0.74 14.98493 -15.9208 L4j-smooth resonant  
  39.526  0.187   22.693   32.135   35.375  313.044   66.253   65.426  24.06   8.50  0.00  4   34.437   23.890   8.33 0.56  4.26905  21.3697 L3w-smooth resonant  
  39.374  0.201   16.471   31.460   41.955  261.832  225.525  298.705  24.33   8.12  0.00  4   40.966   24.552   8.34 0.47  2.79954  16.4687 L4v-smooth resonant  
  39.555  0.210   13.077   31.248   33.877   38.085   50.789  124.930  23.47   8.13  0.00  4   32.884   23.730   8.39 0.77 15.28266 -18.5050 L4k-smooth resonant  
  39.585  0.165    7.742   33.053   33.056  358.040  343.938   10.329  23.01   7.77  0.00  4   32.077   23.189   7.95 0.86 23.42422  -2.5873 L3s-smooth resonant  
  39.501  0.284   16.973   28.283   35.541  305.901   13.932  268.561  23.65   8.06 -0.70  4   34.590   24.298   8.71 0.49 12.97335  -7.2001 L3h-smooth resonant  
  39.570  0.167   16.992   32.962   32.979  356.270  216.090  190.077  23.67   8.48  0.00  4   31.996   23.553   8.36 0.75  2.56729  13.5939 L4v-smooth resonant  
  39.437  0.255    6.381   29.381   33.232   40.390  229.476  314.304  22.50   7.24  0.00  4   32.238   22.707   7.45 0.71 16.42899 -19.5249 L5j-smooth resonant  
  39.375  0.217    6.687   30.831   32.046   24.568   41.813  324.057  23.21   8.17  0.00  4   31.057   23.039   8.00 0.83  2.75463  16.2461 L4v-smooth resonant  
  39.576  0.136   15.056   34.194   39.471   81.125  331.741  259.439  24.30   8.28 -0.80  1   38.493   24.733   8.71 0.12 22.06473 -12.9656 presurvey- resonant  
  39.264  0.266   16.618   28.820   46.600  123.798  222.376   33.167  24.09   7.39  0.00  3   45.617   24.230   7.53 0.62  2.50467  15.4644 L4v-smooth resonant  
  39.610  0.193   13.182   31.965   40.993  270.466   72.278  113.361  24.27   8.11  0.00  2   40.023   24.377   8.22 0.39  4.85200  23.0111 L3w-smooth resonant  
  39.283  0.213   16.128   30.916   33.205   35.021   49.622  128.056  23.85   8.59  0.00  4   32.220   24.084   8.82 0.67 15.15499 -17.8720 L4k-smooth resonant  
  39.379  0.217   22.288   30.834   31.900   22.887   78.044  323.625  23.74   8.70  0.00  3   30.922   23.726   8.68 0.70  5.07045  22.5211 L3w-smooth resonant  
  39.465  0.157    7.454   33.269   38.615   73.181  244.111  269.519  23.88   7.95  0.00  2   37.634   23.546   7.62 0.10 16.16007 -20.9290 L5j-smooth resonant  
  39.532  0.221   29.143   30.795   33.745   39.011  207.326  302.840  23.53   8.23  0.00  4   32.747   24.129   8.83 0.74 13.78879 -10.1735 L4h-smooth resonant  
  43.676  0.149    0.525   37.168   40.408   52.512  120.189  133.428  23.74   7.67  0.00  4   39.401   23.719   7.65 0.74 21.56861 -14.6551 L4q-smooth resonant  
  43.721  0.150    1.264   37.163   37.570  342.708  223.760  349.997  22.89   7.12  0.00  4   36.581   22.802   7.04 0.88 12.62166  -4.7973 L3f-smooth resonant  
  43.558  0.044    5.484   41.641   41.802   22.544  245.395  322.904  23.95   7.71  0.00  4   40.807   23.828   7.58 0.64 15.32908 -19.6138 L4k-smooth resonant  
  43.631  0.093    3.237   39.573   40.506   36.191   59.422  329.249  23.99   7.87  0.00  4   39.544   24.409   8.29 0.60  4.65537  22.8611 L3w-smooth resonant  
  43.733  0.135    0.178   37.829   38.207  342.040    6.738  305.400  23.88   8.00  0.00  2   37.223   24.198   8.32 0.31 19.36574 -22.2842 L4m-smooth resonant  
  52.992  0.254    2.300   39.532   41.077  339.055   46.495  221.623  24.04   7.87  0.00  3   40.083   24.213   8.04 0.61 15.32580 -18.6051 L4k-smooth resonant  
  52.976  0.342   16.612   34.858   35.903  347.013  239.299   22.962  23.82   8.24  0.00  3   34.902   23.966   8.39 0.68 15.45642 -20.2414 L4k-smooth resonant  
  53.130  0.379    3.030   32.994   34.271   12.891  119.481  347.274  23.72   8.37  0.00  4   33.288   23.526   8.18 0.69  9.29976  16.7065 L5c-smooth resonant  
  53.126  0.202   25.164   42.395   43.101   16.809  330.320  331.960  23.98   7.58 -0.80  3   42.123   24.793   8.39 0.49 22.06578 -13.0235 presurvey- resonant  
  47.943  0.362    5.598   30.588   32.661  341.544   66.101  207.046  24.10   8.88  0.00  1   31.701   23.925   8.71 0.28 15.41851 -17.3125 L4j-smooth resonant  
  47.656  0.392    4.553   28.975   29.086    3.785  235.984  344.147  23.50   8.80  0.00  4   28.104   23.404   8.71 0.76 15.09571 -17.9905 L4k-smooth resonant  
  47.914  0.357    6.395   30.809   32.456   16.586   51.169  336.744  23.48   8.28  0.00  4   31.532   23.540   8.34 0.76  4.07199  22.2775 L3w-smooth resonant  
  47.666  0.319    3.604   32.461   32.537  356.133   49.435  204.588  23.51   8.33  0.00  4   31.560   24.052   8.87 0.59 16.29981 -22.4534 L5i-smooth resonant  
  47.786  0.131    2.211   41.526   43.438   40.604   63.111   83.561  22.91   6.47 -0.70  4   42.479   23.696   7.25 0.82 13.14511  -5.5753 L3h-smooth resonant  
  38.180  0.064   19.144   35.751   35.915   19.816  233.310  338.792  22.66   7.09  0.00  4   34.915   22.719   7.14 0.87 15.46616 -18.4164 L4k-smooth h         
  37.813  0.063   25.086   35.435   38.438  258.178  110.310  292.616  23.93   8.06  0.00  2   37.432   23.879   8.01 0.13 19.71790 -23.0363 L4o-smooth h         
  38.117  0.075    1.555   35.262   35.371  345.064   83.769  240.705  24.19   8.63  0.00  2   34.397   23.991   8.44 0.16 20.62124 -19.6757 L4p-smooth h         
  38.699  0.028    4.534   37.611   37.916  316.987   34.836   49.003  23.11   7.29  0.00  4   36.937   23.133   7.32 0.84  2.39054  14.5702 L4v-smooth h         
  37.050  0.061    5.803   34.786   35.730  308.404    0.048   56.389  24.05   8.53  0.00  2   34.731   24.067   8.54 0.27 23.93939  -0.5026 L3s-smooth h         
  37.890  0.029    5.087   36.776   37.237  307.082   51.619   44.855  23.84   8.12  0.00  4   36.253   23.840   8.12 0.70  2.57168  14.0978 L4v-smooth h         
  37.184  0.007   19.141   36.938   37.293  243.192  325.398  117.837  23.60   7.83 -0.80  3   36.305   24.305   8.54 0.78 21.88671 -12.7067 presurvey- h         
  44.941  0.168    4.700   37.373   37.548  349.736  231.825   13.842  23.64   7.84  0.00  4   36.580   23.708   7.90 0.65 15.27066 -18.1984 L4j-smooth h         
  40.996  0.110   45.532   36.478   37.189   29.237  146.073  145.508  22.88   7.12 -0.80  4   36.208   23.681   7.92 0.89 22.02192 -13.4662 presurvey- h         
  40.248  0.007   22.977   39.983   40.146  293.749  132.804   69.346  24.33   8.28  0.00  1   39.166   24.459   8.41 0.38  9.17416  17.2970 L5c-smooth h         
  44.055  0.071    5.391   40.923   41.366   28.901  135.745  149.006  23.96   7.77  0.00  4   40.367   24.152   7.96 0.63 21.34639 -15.7311 L4q-smooth c         
  41.850  0.104   15.590   37.485   46.203  183.958  126.457    2.461  24.34   7.66  0.00  2   45.209   24.114   7.43 0.04 20.97401 -18.7775 L4p-smooth h         
  43.518  0.085    4.120   39.806   42.291  293.853  126.793  258.058  24.46   8.15  0.00  2   41.307   24.182   7.87 0.01 20.77026 -18.1741 L4p-smooth f         
  45.710  0.106    0.873   40.856   41.923   34.870  135.164  314.862  23.94   7.69  0.00  3   40.948   24.171   7.92 0.62  8.99451  17.0267 L5c-smooth f         
  43.788  0.041    3.399   41.993   42.679   50.120  145.414  127.275  24.04   7.69 -0.80  3   41.694   25.013   8.66 0.41 21.94055 -12.6214 presurvey- f         
  45.943  0.021    0.119   44.955   46.711  219.735  269.011  106.859  24.48   7.75  0.00  2   45.713   24.293   7.57 0.24 15.43016 -18.8025 L4k-smooth f         
  43.110  0.039    1.350   41.416   42.185   54.983   96.469   37.774  24.09   7.80  0.00  2   41.203   23.883   7.60 0.07 12.84814  -3.9644 L3f-smooth f         
  44.915  0.015    0.577   44.224   44.923  270.394  227.733  293.826  24.37   7.79  0.00  2   43.967   24.165   7.59 0.26  4.55195  21.7104 L3w-smooth f         
  44.935  0.174   12.798   37.130   51.952  210.287  306.108  336.642  24.01   6.82  0.00  2   50.983   24.037   6.85 0.36  8.48553  19.3786 L7a-smooth h         
  45.293  0.116    0.811   40.026   41.868  315.641  172.159   78.301  24.03   7.74 -0.70  1   40.923   24.418   8.12 0.07 12.94647  -5.7095 L3h-smooth f         
  44.968  0.049    2.587   42.760   42.893  340.782   35.243   30.712  24.18   7.87  0.00  3   41.904   24.228   7.92 0.57  2.80737  16.6693 L4v-smooth f         
  45.066  0.071    2.836   41.852   46.739  242.112  207.454  148.605  23.38   6.63  0.00  4   45.772   23.436   6.68 0.74 15.29739 -17.0268 L4j-smooth f         
  43.792  0.081    5.941   40.245   41.756   51.160   25.812  113.957  22.82   6.54 -0.70  4   40.795   23.524   7.25 0.84 13.14109  -6.4504 L3h-smooth f         
  40.549  0.093   40.982   36.782   38.900   59.246   45.360  114.342  23.79   7.83  0.00  3   37.927   24.032   8.07 0.69 14.95258 -19.1338 L4k-smooth h         
  43.704  0.058    1.050   41.191   45.601  136.948   98.121   88.654  23.34   6.70 -0.80  4   44.622   24.237   7.59 0.85 22.05230 -12.8229 presurvey- f         
  45.116  0.052    2.853   42.775   47.373  163.736    2.773   32.115  23.35   6.53 -0.70  4   46.405   24.083   7.27 0.70 13.19843  -8.5628 L3h-smooth f         
  44.209  0.106    5.043   39.509   41.477  310.545  127.789   71.029  23.77   7.60  0.00  4   40.491   24.021   7.86 0.68  9.46320  16.0448 L5c-smooth f         
  41.880  0.054   33.227   39.636   39.751  342.385  128.278   18.377  23.78   7.76  0.00  4   38.778   23.788   7.77 0.57  8.64662  17.7379 L7a-smooth h         
  40.708  0.096   19.034   36.816   39.323   64.000  130.828  289.177  24.48   8.51  0.00  2   38.345   24.304   8.34 0.22  9.11868  17.7616 L5c-smooth h         
  43.069  0.073    1.524   39.912   42.652  281.794  131.599  161.798  23.78   7.45  0.00  3   41.660   24.170   7.84 0.64 13.68203  -8.8537 L4h-smooth f         
  46.638  0.086    3.003   42.645   44.015  314.813  179.873   78.344  23.55   7.07  0.00  4   43.027   23.813   7.34 0.74 13.59194  -8.5270 L4h-smooth f         
  45.829  0.213   16.839   36.068   47.215   86.073  229.521  248.796  22.08   5.28  0.00  4   46.237   22.096   5.30 0.90 15.04183 -17.5442 L4k-smooth h         
  40.302  0.107   14.424   35.974   38.785   63.701   48.110  106.668  23.86   7.92  0.00  4   37.800   24.018   8.08 0.67 15.14040 -18.1564 L4k-smooth h         
  43.091  0.025    4.096   42.031   44.135  169.577  259.953  161.766  24.82   8.33  0.00  2   43.144   24.539   8.05 0.01 15.24032 -20.0650 L4k-smooth f         
  44.375  0.032    6.350   42.937   43.215   35.004   66.925  326.997  23.99   7.59  0.00  4   42.256   24.223   7.82 0.60  4.61047  22.5368 L3w-smooth c         
  43.820  0.034    0.799   42.343   45.295  183.620   34.047  338.743  23.88   7.25 -0.70  1   44.347   24.406   7.77 0.20 12.97290  -5.9628 L3h-smooth c         
  46.378  0.147    2.507   39.551   39.552   -1.613  353.908  334.837  23.74   7.71 -0.80  3   38.567   24.924   8.90 0.70 21.97115 -13.6435 presurvey- f         
  46.494  0.034    3.266   44.904   45.249   37.157   19.311  169.498  23.72   7.11  0.00  3   44.272   23.593   6.98 0.71 15.00602 -18.7598 L4k-smooth f         
  45.918  0.143    3.639   39.343   39.351  356.933  133.600  197.425  24.15   8.17  0.00  1   38.359   23.896   7.91 0.32 21.94116 -13.4585 L3q-smooth f         
  46.743  0.117    4.694   41.270   43.776  308.496   25.795  239.248  23.92   7.45  0.00  4   42.801   23.686   7.22 0.54 13.34766  -8.1840 L4h-smooth f         
  43.755  0.086    4.155   40.005   42.964  287.021  116.014  102.180  23.18   6.84  0.00  4   41.983   23.272   6.93 0.79  9.21889  17.5823 L5c-smooth f         
  45.014  0.019    2.119   44.168   44.176  354.108  115.937   28.021  24.15   7.71  0.00  3   43.191   24.137   7.69 0.51  9.36290  16.2843 L5c-smooth f         
  43.112  0.075    4.092   39.875   44.628  114.096   50.326   26.518  23.40   6.83 -0.70  4   43.668   24.182   7.62 0.67 13.17247  -5.0801 L3h-smooth f         
  43.506  0.075    0.204   40.239   41.310   44.496   42.310   16.226  24.28   8.05  0.00  1   40.372   24.499   8.27 0.18  7.43742  22.1543 L3y-smooth f         
  45.355  0.178   11.509   37.286   37.559  347.691  196.395   19.945  22.90   7.08 -0.70  4   36.599   23.518   7.70 0.83 13.11697  -6.6570 L3h-smooth h         
  46.112  0.127    1.266   40.279   49.971  126.009   28.917  323.484  23.52   6.49  0.00  4   49.003   23.791   6.77 0.69  8.80537  19.1565 L7a-smooth h         
  46.339  0.165   19.843   38.688   39.283  340.861  192.929  174.339  24.20   8.22  0.00  2   38.292   24.138   8.16 0.07 22.62428   2.9323 L5r-smooth h         
  44.099  0.067    3.949   41.126   44.521   94.315  261.174   74.138  23.67   7.17  0.00  4   43.544   23.869   7.37 0.72  5.06528  23.0903 L3w-smooth c         
  43.920  0.069    2.915   40.889   40.991  345.919  120.541  224.126  23.27   7.08 -0.80  4   40.015   24.108   7.92 0.86 22.09952 -13.1840 presurvey- c         
  44.566  0.110    1.292   39.686   42.146   54.858   68.649  192.714  23.62   7.32 -0.80  3   41.164   24.543   8.24 0.77 22.01917 -13.5098 presurvey- f         
  45.962  0.145    2.252   39.274   41.345   40.282   91.981  350.127  23.88   7.71  0.00  4   40.366   24.129   7.95 0.64  9.17040  17.9490 L5c-smooth f         
  44.013  0.131   13.327   38.252   42.413  293.305  100.537  265.132  24.27   7.96  0.00  2   41.413   24.818   8.51 0.17 19.05991 -23.5528 L4m-smooth h         
  42.963  0.020    2.962   42.112   42.260  326.701  101.464   67.638  24.03   7.75  0.00  4   41.281   23.926   7.65 0.58  9.15346  18.1132 L5c-smooth f         
  43.977  0.043    2.621   42.086   44.214  265.154  128.174  298.618  24.00   7.49 -0.80  3   43.232   24.819   8.31 0.46 21.99238 -13.1962 presurvey- c         
  43.002  0.026    1.769   41.896   42.436   57.801  163.566  340.437  24.18   7.86  0.00  2   41.452   24.191   7.87 0.23 13.51247  -8.2220 L4h-smooth f         
  45.524  0.094    4.040   41.240   42.517   41.540   45.929  111.586  23.67   7.36  0.00  4   41.525   24.006   7.69 0.69 13.68296  -9.0291 L4h-smooth f         
  42.427  0.048    3.224   40.407   41.741  292.517  134.069   77.176  24.41   8.22  0.00  2   40.755   24.323   8.13 0.29  9.40356  15.5196 L5c-smooth f         
  45.844  0.094    2.202   41.549   43.354  309.760  250.703  206.250  24.61   8.21  0.00  2   42.378   24.410   8.01 0.15  2.32428  15.2132 L4v-smooth f         
  44.358  0.048    2.244   42.228   46.486  177.629  233.718  146.980  22.96   6.22 -0.70  4   45.525   23.618   6.88 0.82 13.08420  -8.3510 L3h-smooth f         
  44.053  0.053    3.720   41.696   43.540   74.518  123.811  123.729  24.30   7.85 -0.80  1   42.562   25.197   8.75 0.13 22.07305 -13.5021 presurvey- c         
  44.576  0.033    3.655   43.096   45.811  214.560  232.975  148.899  23.90   7.27  0.00  4   44.811   24.367   7.73 0.66 15.45237 -18.7186 L4k-smooth f         
  42.752  0.020    2.492   41.880   42.174  312.109  121.192  239.665  23.64   7.34  0.00  4   41.182   23.771   7.48 0.65 20.89913 -17.9222 L4p-smooth f         
  42.967  0.068    1.252   40.050   40.617   34.127  331.518  315.393  24.32   8.18 -0.80  1   39.629   24.955   8.82 0.12 21.89012 -12.9536 presurvey- f         
  44.360  0.042    2.101   42.492   42.880   36.067   29.782  165.852  23.91   7.56  0.00  4   41.879   24.359   8.01 0.66 15.45555 -19.7559 L4k-smooth c         
  45.522  0.126    3.566   39.809   45.154  280.876  216.677   76.167  23.56   6.95 -0.70  4   44.189   24.389   7.78 0.57 13.13980  -8.4382 L3h-smooth f         
  46.801  0.181    3.609   38.340   38.632  347.544  129.066  217.225  23.45   7.52 -0.80  4   37.654   24.640   8.71 0.83 22.07261 -13.1273 presurvey- f         
  43.328  0.031    2.551   41.984   44.604  160.882   59.563  341.415  23.69   7.15  0.00  3   43.625   24.153   7.61 0.68 13.43851  -7.3866 L4h-smooth f         
  46.328  0.056    1.527   43.748   45.727   73.492   95.522  152.923  24.32   7.66 -0.80  1   44.750   24.729   8.07 0.11 22.07340 -13.1566 presurvey- f         
  42.965  0.053    2.106   40.705   45.051  156.154  233.173  165.267  23.98   7.37 -0.70  1   44.099   24.480   7.87 0.11 12.97980  -7.6558 L3h-smooth f         
  44.567  0.119    3.673   39.259   39.456  346.215   54.675  189.584  24.35   8.35  0.00  1   38.470   24.200   8.20 0.04 14.97798 -16.4049 L4j-smooth f         
  44.081  0.067    1.487   41.127   41.143  354.556  278.926  319.224  24.43   8.25  0.00  2   40.152   24.024   7.84 0.30 15.25972 -19.2462 L4k-smooth c         
  44.016  0.042    1.362   42.171   44.941  242.028   62.928  135.707  24.14   7.60  0.00  3   43.965   24.194   7.65 0.50  5.01033  23.0669 L3w-smooth c         
  44.282  0.077    6.277   40.890   41.022  344.984  103.351  201.012  22.95   6.77  0.00  4   40.031   23.077   6.90 0.59 19.24185 -22.7288 L4m-smooth c         
  45.924  0.104    1.889   41.129   50.397  203.255  201.044  158.857  23.88   6.79 -0.70  2   49.435   24.555   7.47 0.21 13.14244  -7.3562 L3h-smooth f         
  42.550  0.023    0.763   41.571   41.585  349.870  125.220   15.262  23.14   6.91  0.00  4   40.620   23.178   6.95 0.79  8.84086  17.7624 L7a-smooth f         
  45.954  0.093    2.092   41.694   42.788   38.488   61.043  179.706  24.25   7.88  0.00  2   41.809   23.962   7.59 0.02 19.17692 -23.9836 L4o-smooth f         
  44.216  0.039    2.362   42.496   42.621   21.423  113.053  190.814  24.41   8.06 -0.80  1   41.638   25.100   8.75 0.06 21.99973 -13.6707 presurvey- c         
  40.336  0.040   18.915   38.735   39.844   69.850   63.558  104.935  23.58   7.51  0.00  2   38.873   23.361   7.29 0.34 16.01829 -20.3349 L5j-smooth h         
  43.990  0.083   13.825   40.334   41.100  325.095   40.454   41.207  23.71   7.56  0.00  4   40.116   23.580   7.43 0.74  2.54661  15.1010 L4v-smooth h         
  40.604  0.075   25.487   37.542   39.394   62.814  145.151  109.981  23.92   7.91 -0.80  3   38.406   24.723   8.72 0.56 21.90558 -13.1098 presurvey- h         
  41.264  0.121   13.149   36.259   38.610   52.049   62.230  115.616  23.46   7.52  0.00  4   37.644   23.599   7.66 0.42 15.95477 -20.3677 L5j-smooth h         
  40.861  0.141   21.663   35.112   46.200  204.804  200.025  159.245  24.09   7.38 -0.70  2   45.240   24.612   7.90 0.04 13.08925  -7.6757 L3h-smooth h         
  45.674  0.137    1.860   39.421   39.421   -1.434   74.402  255.509  23.16   7.14 -0.80  4   38.443   24.057   8.04 0.87 22.08052 -13.7470 presurvey- f         
  44.820  0.048    1.124   42.691   46.867  196.423  324.409  167.913  23.85   7.08 -0.80  3   45.885   24.772   8.01 0.62 21.98520 -12.2493 presurvey- f         
  44.272  0.101    3.852   39.822   46.448  114.247   73.357   31.524  23.79   7.07  0.00  4   45.471   24.199   7.48 0.58 15.16063 -16.0225 L4j-smooth f         
  43.502  0.164   35.313   36.363   38.675   40.523   52.164  125.307  23.51   7.59  0.00  4   37.682   23.574   7.66 0.76 15.30194 -18.3348 L4k-smooth h         
  45.010  0.210   19.922   35.562   36.175  343.469  177.344  203.333  24.38   8.77  0.00  2   35.184   24.218   8.61 0.03 23.67184  -1.2677 L3s-smooth h         
  44.296  0.134   12.524   38.347   39.500  328.221  131.550  222.583  23.67   7.68  0.00  3   38.503   23.918   7.92 0.64 21.01432 -17.3088 L4p-smooth h         
  43.129  0.031    2.316   41.783   44.440  166.546  330.976   59.122  23.37   6.82 -0.70  3   43.486   24.079   7.53 0.69 13.00036  -8.2634 L3h-smooth f         
  44.039  0.074    3.105   40.767   40.939   17.435   22.329  355.689  24.05   7.90  0.00  4   39.961   24.539   8.39 0.63  2.35668  15.0040 L4v-smooth c         
  44.047  0.050    3.594   41.827   45.812  219.010  132.949  139.912  24.19   7.55  0.00  2   44.843   24.230   7.59 0.14  8.73203  17.8226 L7a-smooth c         
  42.506  0.020    2.253   41.643   41.644    6.098  101.263  218.900  23.53   7.30  0.00  4   40.653   23.494   7.26 0.72 21.93582 -14.3176 L3q-smooth f         
  44.178  0.011    2.912   43.679   44.056  285.001  252.827  253.365  24.11   7.62  0.00  4   43.102   23.921   7.43 0.53  4.52969  22.0434 L3w-smooth f         
  43.255  0.012    2.056   42.753   42.782  340.961   36.324  174.101  23.76   7.42  0.00  2   41.794   23.682   7.35 0.39 12.70597  -3.5758 L3f-smooth f         
  44.935  0.015    0.554   44.274   45.309  236.459  180.533  146.788  23.49   6.88  0.00  4   44.333   23.483   6.87 0.76 13.36563  -8.4001 L4h-smooth f         
  44.343  0.061    0.808   41.638   42.106   32.318  311.477  293.924  24.30   8.04  0.00  2   41.098   24.022   7.76 0.16 18.86446 -23.3164 L4m-smooth c         
  42.747  0.034    1.001   41.298   42.509  281.476   70.981   85.176  22.94   6.63  0.00  4   41.540   22.968   6.65 0.85  4.81125  22.4780 L3w-smooth f         
  44.352  0.072    0.610   41.145   41.296  343.687   32.446   51.244  24.27   8.04  0.00  2   40.367   24.065   7.83 0.38  4.15593  21.3468 L3w-smooth c         
  46.703  0.065    1.482   43.667   44.015  333.915  254.024  173.347  24.09   7.63  0.00  4   43.038   24.186   7.72 0.61  2.32636  14.8784 L4v-smooth f         
  45.474  0.021    1.968   44.528   44.808   44.618  131.802  148.466  23.58   7.02 -0.80  3   43.823   24.724   8.16 0.78 21.95333 -13.0278 presurvey- f         
  43.873  0.069    3.612   40.855   40.906   10.157  130.928  182.948  23.61   7.44 -0.80  4   39.917   24.725   8.56 0.77 21.89514 -13.7821 presurvey- f         
  42.517  0.044    4.627   40.646   42.132   75.749   86.997  124.347  23.71   7.44  0.00  2   41.132   23.959   7.68 0.29 19.58795 -23.6656 L4o-smooth f         
  46.820  0.133    3.880   40.588   42.196  323.031  181.241   62.179  24.20   7.87 -0.70  2   41.250   24.631   8.30 0.02 12.97346  -5.1469 L3h-smooth f         
  43.595  0.045    2.537   41.611   42.603  302.279  164.218   90.311  24.01   7.69  0.00  2   41.619   24.081   7.76 0.12 12.79514  -3.7947 L3f-smooth f         
  43.593  0.022    0.674   42.638   43.489  277.253  315.255   85.691  23.77   7.35  0.00  3   42.496   24.081   7.66 0.72 21.19337 -16.2014 L4q-smooth f         
  44.377  0.064    1.716   41.524   41.631   14.962  260.738  124.331  23.71   7.52  0.00  4   40.645   23.818   7.62 0.74  2.61290  16.4762 L4v-smooth c         
  43.467  0.032    0.913   42.097   44.745  201.233  102.028   25.526  23.46   6.90 -0.80  4   43.765   24.463   7.90 0.82 22.01864 -12.8398 presurvey- f         
  43.515  0.213   26.940   34.225   37.319  320.924   44.789   57.892  24.77   9.07  0.00  2   36.330   24.600   8.90 0.04  2.80648  16.1006 L4v-smooth h         
  43.951  0.032    4.494   42.527   44.218   99.153  132.883   75.843  24.11   7.62  0.00  2   43.225   23.995   7.50 0.26 20.91213 -17.2943 L4p-smooth c         
  44.528  0.091    4.467   40.485   40.538  351.602   45.674  199.112  23.71   7.60  0.00  4   39.537   24.435   8.33 0.71 15.45790 -19.5695 L4k-smooth f         
  44.058  0.063    4.388   41.278   41.707   30.213  115.812  344.181  24.01   7.79  0.00  4   40.729   24.581   8.36 0.59  9.11810  18.0110 L5c-smooth f         
  43.448  0.036    4.822   41.897   44.473  130.077  154.943   39.438  24.17   7.65  0.00  2   43.479   23.873   7.36 0.30 21.95169 -11.8104 L3q-smooth f         
  42.488  0.049    0.850   40.406   40.588   22.873   92.144  128.564  23.82   7.68  0.00  4   39.609   23.708   7.57 0.42 16.29639 -20.9712 L5i-smooth f         
  45.517  0.109    1.975   40.560   42.935   53.334  138.718  124.412  23.88   7.52  0.00  4   41.941   23.771   7.41 0.57 21.95735 -12.7802 L3q-smooth f         
  42.965  0.025    1.907   41.899   42.122  323.419    4.022  169.827  23.87   7.61  0.00  4   41.141   23.955   7.70 0.65  9.22142  17.6131 L5c-smooth f         
  45.368  0.137    0.912   39.139   39.477   16.448  106.803  153.694  24.03   8.04  0.00  2   38.471   24.225   8.24 0.25 18.90293 -22.7807 L4m-smooth f         
  44.650  0.019    0.903   43.788   44.693   91.941  189.238  114.837  24.38   7.85  0.00  4   43.715   24.609   8.08 0.42  2.38688  13.7591 L4v-smooth f         
  42.582  0.096   23.522   38.511   46.401  157.951  109.135   22.898  23.88   7.19  0.00  1   45.397   23.961   7.27 0.16 19.68567 -23.2867 L4o-smooth h         
  43.810  0.035    1.338   42.259   42.497   31.282   15.596  279.592  23.78   7.44 -0.80  3   41.522   24.305   7.96 0.67 22.10271 -12.7416 presurvey- c         
  41.996  0.132   24.296   36.448   38.192  318.810  229.200   55.416  23.80   7.91  0.00  3   37.228   23.726   7.84 0.58 15.34783 -17.1501 L4j-smooth h         
  42.779  0.053    1.674   40.520   40.525  357.531  129.497   81.028  24.15   8.04  0.00  2   39.531   24.073   7.97 0.28 13.74579  -9.0327 L4h-smooth f         
  42.505  0.045    0.932   40.571   44.130  214.337   81.389  258.088  23.58   7.12  0.00  4   43.142   23.597   7.13 0.59 12.70857  -3.5967 L3f-smooth f         
  43.251  0.171   29.922   35.846   35.937  352.459  109.152  190.925  23.46   7.84  0.00  4   34.956   23.416   7.80 0.46 19.42126 -22.0590 L4m-smooth h         
  43.943  0.074    1.725   40.669   40.665    0.066   91.515  224.589  23.44   7.31  0.00  4   39.671   23.728   7.60 0.82 21.24968 -17.2571 L4q-smooth c         
  44.557  0.143    9.917   38.204   40.293  318.259  101.686   61.327  23.84   7.72  0.00  4   39.351   23.978   7.86 0.61  7.39430  23.3177 L3y-smooth h         
  44.329  0.051    2.789   42.082   43.487   65.405  333.947  277.073  23.95   7.57  0.00  3   42.479   23.935   7.55 0.64 21.62076 -14.8263 L4q-smooth f         
  46.603  0.222    9.928   36.276   36.421  352.608  291.970  191.328  23.77   8.07  0.00  4   35.494   23.794   8.10 0.65  7.58331  21.7415 L3y-smooth h         
  42.607  0.029    1.575   41.376   42.958  254.857   30.998   46.044  23.42   7.03 -0.80  4   41.984   24.362   7.97 0.83 22.11776 -13.1140 presurvey- f         
  44.470  0.099    0.558   40.058   43.339  290.387   52.676  162.447  23.98   7.59  0.00  4   42.360   24.705   8.32 0.60  9.12795  17.0865 L5c-smooth f         
  42.875  0.011    0.851   42.391   42.701  291.340  304.045   53.195  24.35   8.00  0.00  1   41.712   25.023   8.67 0.14 19.27977 -22.5186 L4m-smooth f         
  43.877  0.211   24.132   34.632   35.958   24.869  191.700  110.651  23.09   7.49  0.00  3   34.974   23.064   7.46 0.74 22.61688   4.8822 L5r-smooth h         
  44.209  0.055    1.248   41.790   42.667  311.969   71.409  109.909  23.40   7.06  0.00  4   41.697   23.232   6.90 0.73  8.75724  19.1361 L7a-smooth c         
  43.840  0.059    3.886   41.231   43.181   72.166  338.031  265.300  23.98   7.62  0.00  4   42.172   24.123   7.77 0.62 21.65199 -15.1907 L4q-smooth f         
  44.243  0.191   15.945   35.775   36.981   25.309  205.071  314.762  23.54   7.78 -0.70  3   36.028   24.097   8.34 0.58 12.97206  -8.6927 L3h-smooth h         
  42.624  0.034    3.762   41.179   43.930  205.823  335.071  148.774  22.90   6.42 -0.80  4   42.952   23.845   7.36 0.89 22.04922 -12.4672 presurvey- f         
  45.156  0.059    0.890   42.470   47.459  212.648   93.922  100.194  23.18   6.42  0.00  4   46.471   23.441   6.68 0.83  2.73299  15.1397 L4v-smooth f         
  43.846  0.030    1.754   42.513   43.025   50.549  264.835  113.454  24.68   8.30  0.00  2   42.064   24.581   8.20 0.02  4.64728  22.5439 L3w-smooth c         
# Total number of objects:        106074
# Number of detections:          199
# Number of tracked objects:     107
