# Seed:  123456789
#
# flag: >0: detected; >2: characterized; 0 mod(2): tracked
# Survey: name of the block
# delta_ra: distance from center of pointing [arcsec]
# delt_dec: distance from center of pointing [arcsec]
#
#   a      e        i        q        r        M      m_rand H_rand color flag delta    m_int    H_int eff   RA(H)     DEC    delta_ra delt_dec Surv. Comments
  34.976  0.112    4.377   31.059   38.753  162.785   23.752   7.84  0.00  4   37.783   23.643   7.73 0.69  4.84460  23.0789  3.29115 -0.44530 L3w-sm resonant  
  42.232  0.130    9.111   36.742   42.136  278.418   23.876   7.64  0.00  4   41.148   23.741   7.50 0.69  2.72788  15.6264  2.95881 -0.84015 L4v-sm resonant  
  42.128  0.202   13.293   33.618   41.496  285.788   23.818   7.62  0.00  1   40.490   24.413   8.21 0.33 18.91733 -23.3244  2.98124 -0.41715 L4m-sm resonant  
  42.481  0.342    0.092   27.952   28.113  354.352   23.416   8.89  0.00  4   27.147   23.476   8.95 0.72  8.82089  17.8680  4.08663  1.13831 L7a-sm resonant  
  42.188  0.410    3.599   24.891   27.539   19.640   22.649   8.21  0.00  4   26.575   22.559   8.12 0.86  8.60276  20.0908  4.21830  1.04945 L7a-sm resonant  
  42.413  0.161    5.858   35.585   43.518   90.240   22.961   6.55  0.00  4   42.525   22.876   6.47 0.86 23.74030  -1.2465  2.65628 -1.20968 L3s-sm resonant  
  42.273  0.221    7.848   32.931   36.034  321.349   24.092   8.53  0.00  4   35.050   24.302   8.74 0.55  9.31263  16.1957  3.39350  0.97143 L5c-sm resonant  
  42.495  0.199   13.527   34.038   40.614  293.977   24.026   7.86  0.00  4   39.688   24.515   8.35 0.58  4.10932  21.7679  2.89486 -0.71676 L3w-sm resonant  
  42.364  0.073    5.426   39.271   44.328  126.272   24.209   7.69 -0.80  1   43.342   24.887   8.37 0.21 21.92278 -12.3356  2.62815 -0.89688 presur resonant  
  42.422  0.258   28.101   31.477   39.331   59.398   24.569   8.60  0.00  2   38.353   24.467   8.50 0.14  9.08772  17.5183  3.10601  1.22902 L5c-sm resonant  
  55.350  0.418    0.850   32.214   33.927   13.139   23.111   7.73 -0.70  4   32.972   23.833   8.45 0.78 13.06744  -5.8760  3.10182  1.26019 L3h-sm resonant  
  55.500  0.285    6.120   39.683   42.048  336.837   23.582   7.34  0.00  4   41.038   23.447   7.20 0.49 19.70207 -21.4985  2.86113 -0.56324 L4n-sm resonant  
  55.279  0.377   30.330   34.439   34.463    1.667   23.629   8.19  0.00  4   33.515   23.506   8.07 0.73  4.41865  21.8387  3.42570 -1.01072 L3w-sm resonant  
  55.431  0.437    7.292   31.208   45.546   43.055   23.775   7.14  0.00  4   44.564   24.057   7.42 0.70 15.08693 -18.4901  2.57026  0.81346 L4k-sm resonant  
  55.315  0.301    2.981   38.665   38.718    3.150   23.740   7.84  0.00  3   37.731   23.581   7.68 0.41 12.67135  -6.0307  2.92788  1.19331 L3f-sm resonant  
  36.428  0.152    6.096   30.891   41.592  155.798   23.775   7.53 -0.80  3   40.606   24.771   8.53 0.68 21.95489 -13.5959  2.80889 -0.98064 presur resonant  
  36.417  0.093    7.310   33.030   35.025  299.169   23.126   7.64  0.00  4   34.035   23.035   7.55 0.69 16.08908 -21.3369  3.41477  0.55917 L5i-sm resonant  
  36.631  0.087    6.115   33.444   34.053  327.023   24.276   8.97  0.00  4   33.067   24.104   8.80 0.42  9.45416  16.7508  3.57839  1.08746 L5c-sm resonant  
  36.522  0.160    5.109   30.678   31.857  328.503   23.050   7.95  0.00  4   30.886   23.142   8.04 0.83 14.92532 -18.0956  3.50676  1.00031 L4k-sm resonant  
  36.690  0.127    2.105   32.030   32.087    7.932   23.747   8.63  0.00  4   31.130   23.556   8.44 0.59  9.01386  18.1245  3.64591  1.06655 L7a-sm resonant  
  36.508  0.118   23.651   32.200   33.737   44.831   23.196   7.92  0.00  3   32.737   23.112   7.84 0.85 23.95360   0.2726  3.31355 -1.79212 L3s-sm resonant  
  39.461  0.105   10.064   35.318   35.561  342.332   24.264   8.67  0.00  1   34.639   24.145   8.55 0.39  4.05671  22.1702  3.26372 -0.55101 L3w-sm resonant  
  39.498  0.185    9.820   32.191   40.716  270.838   23.799   7.64  0.00  2   39.738   23.628   7.47 0.36 19.01162 -21.8273  2.95479 -0.22851 L4n-sm resonant  
  39.326  0.212    9.653   30.989   42.457  100.824   23.365   7.08  0.00  4   41.459   23.285   7.00 0.82 23.89217  -0.7205  2.74488 -1.28353 L3s-sm resonant  
  39.306  0.176   14.749   32.388   36.963  299.262   24.385   8.68  0.00  4   35.987   24.479   8.77 0.42  2.33247  13.5529  3.28528 -0.94234 L4v-sm resonant  
  39.326  0.224   22.740   30.517   31.018  344.871   23.487   8.53  0.00  4   30.024   23.825   8.87 0.76 15.29363 -19.6369  3.64671  1.38773 L4k-sm resonant  
  39.575  0.161   11.011   33.203   33.618   17.471   24.420   9.08  0.00  2   32.652   24.266   8.93 0.00 16.47618 -22.1250  3.38005  0.68208 L5i-sm resonant  
  39.478  0.146    1.772   33.714   34.428   24.778   22.687   7.24 -0.70  4   33.480   23.312   7.86 0.86 12.97778  -6.1373  3.10586  1.26513 L3h-sm resonant  
  39.587  0.202   24.152   31.590   32.659  335.843   23.803   8.65  0.00  4   31.683   23.643   8.49 0.68  5.02765  22.6496  3.91075 -0.03024 L3w-sm resonant  
  39.321  0.208   20.353   31.142   31.999   21.135   23.528   8.47  0.00  4   31.008   23.587   8.53 0.65 12.59914  -3.6825  3.69733  1.23565 L3f-sm resonant  
  39.422  0.174   17.849   32.563   34.292   34.957   23.461   8.03  0.00  4   33.331   23.367   7.94 0.60 16.55148 -22.2579  3.39278  0.24928 L5i-sm resonant  
  39.405  0.268   17.847   28.844   34.040  313.744   24.207   8.91  0.00  3   33.051   24.059   8.76 0.56  2.78980  16.1296  3.65627 -0.87930 L4v-sm resonant  
  39.529  0.131   17.574   34.351   34.948   24.268   23.429   7.96  0.00  4   33.961   23.334   7.86 0.73 14.98493 -15.9208  3.27428  1.22513 L4j-sm resonant  
  39.526  0.187   22.693   32.135   35.375  313.044   24.041   8.48  0.00  4   34.437   23.890   8.33 0.57  4.26905  21.3697  3.44790 -0.31774 L3w-sm resonant  
  39.374  0.201   16.471   31.460   41.955  261.832   24.330   8.12  0.00  4   40.966   24.552   8.34 0.47  2.79954  16.4687  2.94707 -1.07028 L4v-sm resonant  
  39.555  0.210   13.077   31.248   33.877   38.085   23.468   8.13  0.00  4   32.884   23.730   8.39 0.77 15.28266 -18.5050  3.48327  0.75043 L4k-sm resonant  
  39.585  0.165    7.742   33.053   33.056  358.040   23.013   7.77  0.00  4   32.077   23.189   7.95 0.86 23.42422  -2.5873  3.35854 -1.33271 L3s-sm resonant  
  39.501  0.284   16.973   28.283   35.541  305.901   23.701   8.11 -0.70  4   34.590   24.298   8.71 0.43 12.97335  -7.2001  3.15114  1.10795 L3h-sm resonant  
  39.570  0.167   16.992   32.962   32.979  356.270   23.668   8.48  0.00  4   31.996   23.553   8.36 0.75  2.56729  13.5939  3.53270 -1.40799 L4v-sm resonant  
  39.437  0.255    6.381   29.381   33.232   40.390   22.499   7.24  0.00  4   32.238   22.707   7.45 0.71 16.42899 -19.5249  3.53843  0.62633 L5j-sm resonant  
  39.375  0.217    6.687   30.831   32.046   24.568   23.139   8.10  0.00  4   31.057   23.039   8.00 0.84  2.75463  16.2461  3.74513 -1.06319 L4v-sm resonant  
  39.576  0.136   15.056   34.194   39.471   81.125   24.136   8.11 -0.80  1   38.493   24.733   8.71 0.30 22.06473 -12.9656  2.92955 -0.93751 presur resonant  
  39.264  0.266   16.618   28.820   46.600  123.798   24.090   7.39  0.00  3   45.617   24.230   7.53 0.62  2.50467  15.4644  2.65603 -1.01428 L4v-sm resonant  
  39.610  0.193   13.182   31.965   40.993  270.466   24.265   8.11  0.00  2   40.023   24.377   8.22 0.39  4.85200  23.0111  3.14551 -0.25111 L3w-sm resonant  
  39.283  0.213   16.128   30.916   33.205   35.021   23.851   8.59  0.00  4   32.220   24.084   8.82 0.67 15.15499 -17.8720  3.52770  0.74699 L4k-sm resonant  
  39.379  0.217   22.288   30.834   31.900   22.887   23.818   8.77  0.00  3   30.922   23.726   8.68 0.67  5.07045  22.5211  3.98442 -0.03059 L3w-sm resonant  
  39.465  0.157    7.454   33.269   38.615   73.181   23.710   7.78  0.00  2   37.634   23.546   7.62 0.22 16.16007 -20.9290  3.04444  0.65264 L5j-sm resonant  
  39.532  0.221   29.143   30.795   33.745   39.011   23.529   8.23  0.00  4   32.747   24.129   8.83 0.74 13.78879 -10.1735  3.35147  1.69159 L4h-sm resonant  
  43.676  0.149    0.525   37.168   40.408   52.512   23.810   7.74  0.00  4   39.401   23.719   7.65 0.71 21.56861 -14.6551  2.91759 -0.98912 L4q-sm resonant  
  43.721  0.150    1.264   37.163   37.570  342.708   22.877   7.11  0.00  4   36.581   22.802   7.04 0.88 12.62166  -4.7973  3.04148  1.30443 L3f-sm resonant  
  43.558  0.044    5.484   41.641   41.802   22.544   23.960   7.71  0.00  4   40.807   23.828   7.58 0.64 15.32908 -19.6138  2.83518  0.82027 L4k-sm resonant  
  43.631  0.093    3.237   39.573   40.506   36.191   23.992   7.87  0.00  4   39.544   24.409   8.29 0.60  4.65537  22.8611  3.07148 -0.40197 L3w-sm resonant  
  43.733  0.135    0.178   37.829   38.207  342.040   23.877   8.00  0.00  2   37.223   24.198   8.32 0.31 19.36574 -22.2842  3.06559 -0.43374 L4m-sm resonant  
  52.992  0.254    2.300   39.532   41.077  339.055   24.041   7.87  0.00  3   40.083   24.213   8.04 0.61 15.32580 -18.6051  2.85568  0.73412 L4k-sm resonant  
  52.976  0.342   16.612   34.858   35.903  347.013   23.818   8.24  0.00  3   34.902   23.966   8.39 0.68 15.45642 -20.2414  3.20111  1.06414 L4k-sm resonant  
  53.130  0.379    3.030   32.994   34.271   12.891   23.661   8.31  0.00  4   33.288   23.526   8.18 0.71  9.29976  16.7065  3.43274  1.13002 L5c-sm resonant  
  53.126  0.202   25.164   42.395   43.101   16.809   24.080   7.68 -0.80  1   42.123   24.793   8.39 0.37 22.06578 -13.0235  2.72102 -0.76394 presur resonant  
  47.943  0.362    5.598   30.588   32.661  341.544   24.068   8.85  0.00  1   31.701   23.925   8.71 0.31 15.41851 -17.3125  3.37625  0.81278 L4j-sm resonant  
  47.656  0.392    4.553   28.975   29.086    3.785   23.501   8.81  0.00  4   28.104   23.404   8.71 0.76 15.09571 -17.9905  3.71906  1.16642 L4k-sm resonant  
  47.914  0.357    6.395   30.809   32.456   16.586   23.485   8.28  0.00  4   31.532   23.540   8.34 0.76  4.07199  22.2775  3.46751 -0.62053 L3w-sm resonant  
  47.666  0.319    3.604   32.461   32.537  356.133   23.512   8.33  0.00  4   31.560   24.052   8.87 0.59 16.29981 -22.4534  3.48844  0.52568 L5i-sm resonant  
  47.786  0.131    2.211   41.526   43.438   40.604   22.912   6.47 -0.70  4   42.479   23.696   7.25 0.82 13.14511  -5.5753  2.57014  1.01017 L3h-sm resonant  
  38.180  0.064   19.144   35.751   35.915   19.816   22.664   7.09  0.00  4   34.915   22.719   7.14 0.87 15.46616 -18.4164  3.28348  1.07074 L4k-sm h         
  37.813  0.063   25.086   35.435   38.438  258.178   23.995   8.13  0.00  2   37.432   23.879   8.01 0.09 19.71790 -23.0363  3.18125 -0.81272 L4o-sm h         
  38.117  0.075    1.555   35.262   35.371  345.064   24.144   8.59  0.00  2   34.397   23.991   8.44 0.21 20.62124 -19.6757  3.21259 -0.82793 L4p-sm h         
  38.699  0.028    4.534   37.611   37.916  316.987   23.108   7.29  0.00  4   36.937   23.133   7.32 0.84  2.39054  14.5702  3.16857 -1.02831 L4v-sm h         
  37.050  0.061    5.803   34.786   35.730  308.404   24.116   8.59  0.00  2   34.731   24.067   8.54 0.19 23.93939  -0.5026  3.24750 -1.32722 L3s-sm h         
  37.890  0.029    5.087   36.776   37.237  307.082   23.933   8.21  0.00  4   36.253   23.840   8.12 0.67  2.57168  14.0978  3.26593 -0.99767 L4v-sm h         
  37.184  0.007   19.141   36.938   37.293  243.192   23.623   7.86 -0.80  3   36.305   24.305   8.54 0.77 21.88671 -12.7067  3.16956 -0.90561 presur h         
  44.941  0.168    4.700   37.373   37.548  349.736   23.644   7.84  0.00  4   36.580   23.708   7.90 0.65 15.27066 -18.1984  3.01211  0.87242 L4j-sm h         
  40.996  0.110   45.532   36.478   37.189   29.237   22.878   7.12 -0.80  4   36.208   23.681   7.92 0.89 22.02192 -13.4662  3.02263 -1.66841 presur h         
  40.248  0.007   22.977   39.983   40.146  293.749   24.328   8.28  0.00  1   39.166   24.459   8.41 0.38  9.17416  17.2970  3.04307  1.17196 L5c-sm h         
  44.055  0.071    5.391   40.923   41.366   28.901   23.964   7.77  0.00  4   40.367   24.152   7.96 0.63 21.34639 -15.7311  2.82710 -0.96289 L4q-sm c         
  41.850  0.104   15.590   37.485   46.203  183.958   24.266   7.58  0.00  2   45.209   24.114   7.43 0.08 20.97401 -18.7775  2.58702 -0.86124 L4p-sm h         
  43.518  0.085    4.120   39.806   42.291  293.853   24.340   8.03  0.00  2   41.307   24.182   7.87 0.04 20.77026 -18.1741  2.75963 -0.79323 L4p-sm f         
  45.710  0.106    0.873   40.856   41.923   34.870   23.937   7.69  0.00  3   40.948   24.171   7.92 0.62  8.99451  17.0267  2.91334  0.86221 L5c-sm f         
  43.788  0.041    3.399   41.993   42.679   50.120   24.041   7.69 -0.80  3   41.694   25.013   8.66 0.41 21.94055 -12.6214  2.66995 -1.00511 presur f         
  45.943  0.021    0.119   44.955   46.711  219.735   24.425   7.70  0.00  2   45.713   24.293   7.57 0.31 15.43016 -18.8025  2.59980  0.66669 L4k-sm f         
  43.110  0.039    1.350   41.416   42.185   54.983   24.046   7.76  0.00  2   41.203   23.883   7.60 0.09 12.84814  -3.9644  2.73705  1.16836 L3f-sm f         
  44.915  0.015    0.577   44.224   44.923  270.394   24.347   7.77  0.00  2   43.967   24.165   7.59 0.28  4.55195  21.7104  2.77710 -0.41476 L3w-sm f         
  44.935  0.174   12.798   37.130   51.952  210.287   24.090   6.90  0.00  2   50.983   24.037   6.85 0.26  8.48553  19.3786  2.48613  0.53623 L7a-sm h         
  45.293  0.116    0.811   40.026   41.868  315.641   23.889   7.59 -0.70  1   40.923   24.418   8.12 0.20 12.94647  -5.7095  2.59006  1.08320 L3h-sm f         
  44.968  0.049    2.587   42.760   42.893  340.782   24.181   7.87  0.00  3   41.904   24.228   7.92 0.57  2.80737  16.6693  2.88027 -0.86566 L4v-sm f         
  45.066  0.071    2.836   41.852   46.739  242.112   23.385   6.63  0.00  4   45.772   23.436   6.68 0.74 15.29739 -17.0268  2.50990  0.71329 L4j-sm f         
  43.792  0.081    5.941   40.245   41.756   51.160   22.817   6.54 -0.70  4   40.795   23.524   7.25 0.84 13.14109  -6.4504  2.69346  1.02892 L3h-sm f         
  40.549  0.093   40.982   36.782   38.900   59.246   23.792   7.83  0.00  3   37.927   24.032   8.07 0.69 14.95258 -19.1338  3.20184  0.55835 L4k-sm h         
  43.704  0.058    1.050   41.191   45.601  136.948   23.344   6.70 -0.80  4   44.622   24.237   7.59 0.85 22.05230 -12.8229  2.50514 -0.94620 presur f         
  45.116  0.052    2.853   42.775   47.373  163.736   23.347   6.53 -0.70  4   46.405   24.083   7.27 0.70 13.19843  -8.5628  2.41759  0.97859 L3h-sm f         
  44.209  0.106    5.043   39.509   41.477  310.545   23.765   7.60  0.00  4   40.491   24.021   7.86 0.68  9.46320  16.0448  2.94558  1.02237 L5c-sm f         
  41.880  0.054   33.227   39.636   39.751  342.385   23.887   7.87  0.00  4   38.778   23.788   7.77 0.49  8.64662  17.7379  3.11736  1.16291 L7a-sm h         
  40.708  0.096   19.034   36.816   39.323   64.000   24.497   8.53  0.00  2   38.345   24.304   8.34 0.21  9.11868  17.7616  3.09047  1.13804 L5c-sm h         
  43.069  0.073    1.524   39.912   42.652  281.794   23.775   7.45  0.00  3   41.660   24.170   7.84 0.64 13.68203  -8.8537  2.74454  1.04747 L4h-sm f         
  46.638  0.086    3.003   42.645   44.015  314.813   23.547   7.07  0.00  4   43.027   23.813   7.34 0.74 13.59194  -8.5270  2.62967  1.03898 L4h-sm f         
  45.829  0.213   16.839   36.068   47.215   86.073   22.079   5.28  0.00  4   46.237   22.096   5.30 0.90 15.04183 -17.5442  2.48279  0.85880 L4k-sm h         
  40.302  0.107   14.424   35.974   38.785   63.701   23.857   7.92  0.00  4   37.800   24.018   8.08 0.67 15.14040 -18.1564  3.06569  0.70582 L4k-sm h         
  43.091  0.025    4.096   42.031   44.135  169.577   24.643   8.15  0.00  2   43.144   24.539   8.05 0.07 15.24032 -20.0650  2.69494  0.79227 L4k-sm f         
  44.375  0.032    6.350   42.937   43.215   35.004   23.991   7.59  0.00  4   42.256   24.223   7.82 0.60  4.61047  22.5368  2.89921 -0.36133 L3w-sm c         
  43.820  0.034    0.799   42.343   45.295  183.620   23.849   7.21 -0.70  1   44.347   24.406   7.77 0.25 12.97290  -5.9628  2.44494  1.00767 L3h-sm c         
  46.378  0.147    2.507   39.551   39.552   -1.613   23.739   7.71 -0.80  3   38.567   24.924   8.90 0.70 21.97115 -13.6435  2.84226 -1.03016 presur f         
  46.494  0.034    3.266   44.904   45.249   37.157   23.711   7.10  0.00  3   44.272   23.593   6.98 0.71 15.00602 -18.7598  2.57610  0.75295 L4k-sm f         
  45.918  0.143    3.639   39.343   39.351  356.933   24.091   8.11  0.00  1   38.359   23.896   7.91 0.39 21.94116 -13.4585  2.88954 -1.08056 L3q-sm f         
  46.743  0.117    4.694   41.270   43.776  308.496   23.861   7.40  0.00  4   42.801   23.686   7.22 0.59 13.34766  -8.1840  2.61386  0.99979 L4h-sm f         
  43.755  0.086    4.155   40.005   42.964  287.021   23.178   6.84  0.00  4   41.983   23.272   6.93 0.79  9.21889  17.5823  2.86741  0.92155 L5c-sm f         
  45.014  0.019    2.119   44.168   44.176  354.108   24.261   7.81  0.00  3   43.191   24.137   7.69 0.43  9.36290  16.2843  2.79641  0.91700 L5c-sm f         
  43.112  0.075    4.092   39.875   44.628  114.096   23.396   6.83 -0.70  4   43.668   24.182   7.62 0.67 13.17247  -5.0801  2.54900  0.97289 L3h-sm f         
  43.506  0.075    0.204   40.239   41.310   44.496   24.405   8.18  0.00  1   40.372   24.499   8.27 0.08  7.43742  22.1543  2.93439  0.43815 L3y-sm f         
  45.355  0.178   11.509   37.286   37.559  347.691   22.905   7.09 -0.70  4   36.599   23.518   7.70 0.83 13.11697  -6.6570  2.85664  1.32125 L3h-sm h         
  46.112  0.127    1.266   40.279   49.971  126.009   23.515   6.49  0.00  4   49.003   23.791   6.77 0.69  8.80537  19.1565  2.50956  0.70583 L7a-sm h         
  46.339  0.165   19.843   38.688   39.283  340.861   24.204   8.23  0.00  2   38.292   24.138   8.16 0.06 22.62428   2.9323  2.88916 -1.38574 L5r-sm h         
  44.099  0.067    3.949   41.126   44.521   94.315   23.668   7.17  0.00  4   43.544   23.869   7.37 0.72  5.06528  23.0903  2.90074 -0.31786 L3w-sm c         
  43.920  0.069    2.915   40.889   40.991  345.919   23.265   7.08 -0.80  4   40.015   24.108   7.92 0.86 22.09952 -13.1840  2.71491 -1.06689 presur c         
  44.566  0.110    1.292   39.686   42.146   54.858   23.623   7.32 -0.80  3   41.164   24.543   8.24 0.77 22.01917 -13.5098  2.68378 -1.01175 presur f         
  45.962  0.145    2.252   39.274   41.345   40.282   23.885   7.71  0.00  4   40.366   24.129   7.95 0.64  9.17040  17.9490  2.95531  0.91396 L5c-sm f         
  44.013  0.131   13.327   38.252   42.413  293.305   24.267   7.96  0.00  2   41.413   24.818   8.51 0.17 19.05991 -23.5528  2.88207 -0.45441 L4m-sm h         
  42.963  0.020    2.962   42.112   42.260  326.701   24.065   7.79  0.00  4   41.281   23.926   7.65 0.56  9.15346  18.1132  2.91212  0.90314 L5c-sm f         
  43.977  0.043    2.621   42.086   44.214  265.154   24.100   7.59 -0.80  1   43.232   24.819   8.31 0.34 21.99238 -13.1962  2.58025 -0.98226 presur c         
  43.002  0.026    1.769   41.896   42.436   57.801   24.205   7.88  0.00  2   41.452   24.191   7.87 0.20 13.51247  -8.2220  2.71711  1.07049 L4h-sm f         
  45.524  0.094    4.040   41.240   42.517   41.540   23.673   7.36  0.00  4   41.525   24.006   7.69 0.69 13.68296  -9.0291  2.75423  1.00849 L4h-sm f         
  42.427  0.048    3.224   40.407   41.741  292.517   24.484   8.29  0.00  2   40.755   24.323   8.13 0.22  9.40356  15.5196  2.94528  0.99084 L5c-sm f         
  45.844  0.094    2.202   41.549   43.354  309.760   24.580   8.18  0.00  2   42.378   24.410   8.01 0.18  2.32428  15.2132  2.75372 -0.98401 L4v-sm f         
  44.358  0.048    2.244   42.228   46.486  177.629   22.995   6.26 -0.70  4   45.525   23.618   6.88 0.81 13.08420  -8.3510  2.41497  1.03721 L3h-sm f         
  44.053  0.053    3.720   41.696   43.540   74.518   24.366   7.92 -0.80  1   42.562   25.197   8.75 0.08 22.07305 -13.5021  2.58814 -1.02075 presur c         
  44.576  0.033    3.655   43.096   45.811  214.560   23.903   7.27  0.00  4   44.811   24.367   7.73 0.66 15.45237 -18.7186  2.64790  0.70309 L4k-sm f         
  42.752  0.020    2.492   41.880   42.174  312.109   23.636   7.34  0.00  4   41.182   23.771   7.48 0.65 20.89913 -17.9222  2.79056 -0.81283 L4p-sm f         
  42.967  0.068    1.252   40.050   40.617   34.127   24.256   8.12 -0.80  1   39.629   24.955   8.82 0.17 21.89012 -12.9536  2.81678 -1.00155 presur f         
  44.360  0.042    2.101   42.492   42.880   36.067   23.909   7.56  0.00  4   41.879   24.359   8.01 0.66 15.45555 -19.7559  2.81300  0.70303 L4k-sm c         
  45.522  0.126    3.566   39.809   45.154  280.876   23.560   6.95 -0.70  4   44.189   24.389   7.78 0.57 13.13980  -8.4382  2.48339  1.07146 L3h-sm f         
  46.801  0.181    3.609   38.340   38.632  347.544   23.450   7.52 -0.80  4   37.654   24.640   8.71 0.83 22.07261 -13.1273  2.84272 -1.12208 presur f         
  43.328  0.031    2.551   41.984   44.604  160.882   23.692   7.15  0.00  3   43.625   24.153   7.61 0.68 13.43851  -7.3866  2.59887  0.99415 L4h-sm f         
  46.328  0.056    1.527   43.748   45.727   73.492   24.137   7.48 -0.80  1   44.750   24.729   8.07 0.30 22.07340 -13.1566  2.47950 -0.94924 presur f         
  42.965  0.053    2.106   40.705   45.051  156.154   23.930   7.32 -0.70  1   44.099   24.480   7.87 0.15 12.97980  -7.6558  2.45527  1.06460 L3h-sm f         
  44.567  0.119    3.673   39.259   39.456  346.215   24.323   8.32  0.00  1   38.470   24.200   8.20 0.05 14.97798 -16.4049  2.97005  0.84108 L4j-sm f         
  44.081  0.067    1.487   41.127   41.143  354.556   24.225   8.04  0.00  4   40.152   24.024   7.84 0.51 15.25972 -19.2462  2.86218  0.80086 L4k-sm c         
  44.016  0.042    1.362   42.171   44.941  242.028   24.144   7.60  0.00  3   43.965   24.194   7.65 0.50  5.01033  23.0669  2.87347 -0.28557 L3w-sm c         
  44.282  0.077    6.277   40.890   41.022  344.984   22.951   6.77  0.00  4   40.031   23.077   6.90 0.59 19.24185 -22.7288  2.91266 -0.44455 L4m-sm c         
  45.924  0.104    1.889   41.129   50.397  203.255   23.955   6.87 -0.70  2   49.435   24.555   7.47 0.13 13.14244  -7.3562  2.26488  0.94618 L3h-sm f         
  42.550  0.023    0.763   41.571   41.585  349.870   23.137   6.91  0.00  4   40.620   23.178   6.95 0.79  8.84086  17.7624  2.93869  0.83056 L7a-sm f         
  45.954  0.093    2.092   41.694   42.788   38.488   24.134   7.76  0.00  2   41.809   23.962   7.59 0.04 19.17692 -23.9836  2.76831 -0.32520 L4o-sm f         
  44.216  0.039    2.362   42.496   42.621   21.423   24.352   8.00 -0.80  1   41.638   25.100   8.75 0.09 21.99973 -13.6707  2.65822 -1.01677 presur c         
  40.336  0.040   18.915   38.735   39.844   69.850   23.500   7.43  0.00  2   38.873   23.361   7.29 0.39 16.01829 -20.3349  2.99060  0.39564 L5j-sm h         
  43.990  0.083   13.825   40.334   41.100  325.095   23.701   7.55  0.00  4   40.116   23.580   7.43 0.74  2.54661  15.1010  3.00427 -0.84036 L4v-sm h         
  40.604  0.075   25.487   37.542   39.394   62.814   24.028   8.03 -0.80  3   38.406   24.723   8.72 0.43 21.90558 -13.1098  2.86268 -1.32263 presur h         
  41.264  0.121   13.149   36.259   38.610   52.049   23.459   7.52  0.00  4   37.644   23.599   7.66 0.42 15.95477 -20.3677  3.01725  0.47291 L5j-sm h         
  40.861  0.141   21.663   35.112   46.200  204.804   24.063   7.35 -0.70  2   45.240   24.612   7.90 0.06 13.08925  -7.6757  2.42185  1.19095 L3h-sm h         
  45.674  0.137    1.860   39.421   39.421   -1.434   23.157   7.14 -0.80  4   38.443   24.057   8.04 0.87 22.08052 -13.7470  2.80846 -1.08471 presur f         
  44.820  0.048    1.124   42.691   46.867  196.423   23.847   7.08 -0.80  3   45.885   24.772   8.01 0.62 21.98520 -12.2493  2.46451 -0.89142 presur f         
  44.272  0.101    3.852   39.822   46.448  114.247   23.787   7.07  0.00  4   45.471   24.199   7.48 0.58 15.16063 -16.0225  2.56549  0.71194 L4j-sm f         
  43.502  0.164   35.313   36.363   38.675   40.523   23.508   7.59  0.00  4   37.682   23.574   7.66 0.76 15.30194 -18.3348  3.25151  0.47486 L4k-sm h         
  45.010  0.210   19.922   35.562   36.175  343.469   24.297   8.69  0.00  2   35.184   24.218   8.61 0.06 23.67184  -1.2677  3.03065 -1.60185 L3s-sm h         
  44.296  0.134   12.524   38.347   39.500  328.221   23.674   7.68  0.00  3   38.503   23.918   7.92 0.64 21.01432 -17.3088  2.93685 -1.00522 L4p-sm h         
  43.129  0.031    2.316   41.783   44.440  166.546   23.366   6.82 -0.70  3   43.486   24.079   7.53 0.69 13.00036  -8.2634  2.49980  1.05915 L3h-sm f         
  44.039  0.074    3.105   40.767   40.939   17.435   24.053   7.90  0.00  4   39.961   24.539   8.39 0.63  2.35668  15.0040  2.92282 -0.98022 L4v-sm c         
  44.047  0.050    3.594   41.827   45.812  219.010   24.248   7.61  0.00  2   44.843   24.230   7.59 0.09  8.73203  17.8226  2.71905  0.76260 L7a-sm c         
  42.506  0.020    2.253   41.643   41.644    6.098   23.594   7.36  0.00  4   40.653   23.494   7.26 0.70 21.93582 -14.3176  2.78013 -1.00319 L3q-sm f         
  44.178  0.011    2.912   43.679   44.056  285.001   24.081   7.59  0.00  4   43.102   23.921   7.43 0.55  4.52969  22.0434  2.81893 -0.45475 L3w-sm f         
  43.255  0.012    2.056   42.753   42.782  340.961   23.795   7.46  0.00  2   41.794   23.682   7.35 0.35 12.70597  -3.5758  2.73029  1.14990 L3f-sm f         
  44.935  0.015    0.554   44.274   45.309  236.459   23.576   6.96  0.00  4   44.333   23.483   6.87 0.73 13.36563  -8.4001  2.53083  1.01801 L4h-sm f         
  44.343  0.061    0.808   41.638   42.106   32.318   24.196   7.93  0.00  2   41.098   24.022   7.76 0.19 18.86446 -23.3164  2.92671 -0.25881 L4m-sm c         
  42.747  0.034    1.001   41.298   42.509  281.476   22.943   6.63  0.00  4   41.540   22.968   6.65 0.85  4.81125  22.4780  2.98436 -0.35726 L3w-sm f         
  44.352  0.072    0.610   41.145   41.296  343.687   24.239   8.00  0.00  4   40.367   24.065   7.83 0.41  4.15593  21.3468  2.86039 -0.53957 L3w-sm c         
  46.703  0.065    1.482   43.667   44.015  333.915   24.092   7.63  0.00  4   43.038   24.186   7.72 0.61  2.32636  14.8784  2.71545 -0.95960 L4v-sm f         
  45.474  0.021    1.968   44.528   44.808   44.618   23.580   7.02 -0.80  3   43.823   24.724   8.16 0.78 21.95333 -13.0278  2.55530 -0.95529 presur f         
  43.873  0.069    3.612   40.855   40.906   10.157   23.605   7.44 -0.80  4   39.917   24.725   8.56 0.77 21.89514 -13.7821  2.77733 -1.05278 presur f         
  42.517  0.044    4.627   40.646   42.132   75.749   23.714   7.44  0.00  2   41.132   23.959   7.68 0.29 19.58795 -23.6656  2.88471 -0.48834 L4o-sm f         
  46.820  0.133    3.880   40.588   42.196  323.031   24.103   7.77 -0.70  2   41.250   24.631   8.30 0.04 12.97346  -5.1469  2.56445  1.08828 L3h-sm f         
  43.595  0.045    2.537   41.611   42.603  302.279   24.006   7.69  0.00  2   41.619   24.081   7.76 0.12 12.79514  -3.7947  2.71116  1.18326 L3f-sm f         
  43.593  0.022    0.674   42.638   43.489  277.253   23.775   7.35  0.00  3   42.496   24.081   7.66 0.72 21.19337 -16.2014  2.71308 -0.83170 L4q-sm f         
  44.377  0.064    1.716   41.524   41.631   14.962   23.714   7.52  0.00  4   40.645   23.818   7.62 0.74  2.61290  16.4762  2.91675 -0.96761 L4v-sm c         
  43.467  0.032    0.913   42.097   44.745  201.233   23.459   6.90 -0.80  4   43.765   24.463   7.90 0.82 22.01864 -12.8398  2.55531 -0.95674 presur f         
  43.515  0.213   26.940   34.225   37.319  320.924   24.728   9.03  0.00  2   36.330   24.600   8.90 0.05  2.80648  16.1006  3.41582 -0.72144 L4v-sm h         
  43.951  0.032    4.494   42.527   44.218   99.153   24.128   7.63  0.00  2   43.225   23.995   7.50 0.24 20.91213 -17.2943  2.67333 -0.80697 L4p-sm c         
  44.528  0.091    4.467   40.485   40.538  351.602   23.709   7.60  0.00  4   39.537   24.435   8.33 0.71 15.45790 -19.5695  2.95678  0.70761 L4k-sm f         
  44.058  0.063    4.388   41.278   41.707   30.213   24.014   7.79  0.00  4   40.729   24.581   8.36 0.59  9.11810  18.0110  2.93308  0.92065 L5c-sm f         
  43.448  0.036    4.822   41.897   44.473  130.077   24.075   7.56  0.00  4   43.479   23.873   7.36 0.41 21.95169 -11.8104  2.62023 -1.00587 L3q-sm f         
  42.488  0.049    0.850   40.406   40.588   22.873   23.847   7.71  0.00  2   39.609   23.708   7.57 0.39 16.29639 -20.9712  2.92233  0.50751 L5i-sm f         
  45.517  0.109    1.975   40.560   42.935   53.334   23.980   7.62  0.00  4   41.941   23.771   7.41 0.50 21.95735 -12.7802  2.69708 -0.99861 L3q-sm f         
  43.188  0.035    4.805   41.655   41.674    9.259   22.879   6.62 -0.80  4   40.700   23.591   7.33 0.89 22.11877 -13.0189  2.67019 -1.07304 presur f         
  42.965  0.025    1.907   41.899   42.122  323.419   24.160   7.90  0.00  4   41.141   23.955   7.70 0.51  9.22142  17.6131  2.93239  0.89036 L5c-sm f         
  43.107  0.044    2.144   41.206   43.412  263.265   23.537   7.10 -0.70  3   42.450   24.641   8.20 0.59 13.15290  -6.6348  2.58338  1.06907 L3h-sm f         
  46.534  0.162    6.587   38.977   53.736  200.348   24.111   6.76  0.00  1   52.756   24.264   6.91 0.26 20.68792 -18.3202  2.23065 -0.63543 L4p-sm h         
  44.324  0.089    0.259   40.370   42.906   64.200   24.360   7.97  0.00  2   41.961   24.196   7.81 0.27  4.38662  21.8104  2.84624 -0.47340 L3w-sm f         
  43.810  0.035    1.338   42.259   42.497   31.282   23.400   7.06 -0.80  4   41.522   24.305   7.96 0.84 22.10271 -12.7416  2.64598 -0.99585 presur c         
  44.102  0.103    0.037   39.573   41.038   43.160   23.580   7.41  0.00  4   40.046   23.771   7.60 0.79 21.17485 -16.3100  2.84193 -0.87378 L4q-sm f         
  46.041  0.053    3.442   43.601   46.852  106.601   24.305   7.54 -0.80  1   45.876   25.026   8.26 0.12 22.10952 -13.7677  2.41605 -0.95923 presur f         
  44.960  0.053    4.409   42.595   43.426  312.669   23.709   7.30  0.00  4   42.455   24.047   7.64 0.61  8.74234  20.0929  2.85602  0.75697 L7a-sm f         
  44.145  0.137    8.220   38.106   38.801   24.072   21.842   5.93  0.00  4   37.805   21.910   6.00 0.90 13.76930  -9.7567  2.95578  1.21593 L4h-sm h         
  43.251  0.171   29.922   35.846   35.934  352.553   23.336   7.75  0.00  4   34.936   23.391   7.80 0.58 19.37763 -22.2155  3.33915 -0.85622 L4n-sm h         
  45.669  0.117    1.161   40.307   44.314  291.126   23.714   7.20  0.00  4   43.353   24.409   7.90 0.61  8.94140  18.5225  2.74796  0.80902 L7a-sm f         
  45.399  0.141    1.250   38.989   39.592   21.607   24.075   8.04  0.00  3   38.613   23.903   7.87 0.60 15.04674 -18.5215  2.89055  0.86121 L4k-sm f         
  43.803  0.037    0.816   42.187   44.746  235.913   24.112   7.55 -0.80  1   43.768   24.815   8.25 0.33 22.06344 -12.7660  2.54336 -0.95531 presur c         
  44.329  0.051    2.789   42.082   43.487   65.405   23.499   7.11  0.00  3   42.479   23.935   7.55 0.80 21.62076 -14.8263  2.74718 -0.90745 L4q-sm f         
  46.603  0.222    9.928   36.276   36.421  352.608   23.996   8.30  0.00  4   35.494   23.794   8.10 0.49  7.58331  21.7415  3.21748  0.39142 L3y-sm h         
  43.888  0.050    3.608   41.698   42.073   32.579   23.794   7.50 -0.80  3   41.089   24.922   8.63 0.66 21.96575 -13.3978  2.71773 -0.96881 presur c         
  43.581  0.072    0.727   40.460   44.162   96.693   23.851   7.32 -0.70  1   43.217   24.628   8.10 0.24 12.95498  -5.6394  2.49270  1.02609 L3h-sm f         
  44.944  0.058    1.051   42.351   44.180  290.349   24.638   8.14  0.00  1   43.218   24.735   8.24 0.03  4.65600  22.7055  2.84157 -0.40901 L3w-sm f         
  42.607  0.029    1.575   41.376   42.958  254.857   23.660   7.27 -0.80  4   41.984   24.362   7.97 0.75 22.11776 -13.1140  2.62400 -0.99969 presur f         
  43.977  0.059    0.634   41.396   42.104   41.239   24.267   8.00  0.00  2   41.130   24.244   7.98 0.08  8.62387  19.1398  2.95063  0.77757 L7a-sm c         
  43.877  0.211   24.132   34.632   35.958   24.869   22.974   7.37  0.00  4   34.974   23.064   7.46 0.76 22.61688   4.8822  3.12127 -1.56464 L5r-sm h         
  44.209  0.055    1.248   41.790   42.667  311.969   23.394   7.06  0.00  4   41.697   23.232   6.90 0.73  8.75724  19.1361  2.88684  0.80564 L7a-sm c         
  45.067  0.038    1.952   43.354   44.914   82.788   24.538   8.02  0.00  1   43.925   24.387   7.87 0.23  2.74938  15.8105  2.76054 -0.84686 L4v-sm f         
  44.243  0.191   15.945   35.775   36.981   25.309   23.532   7.78 -0.70  4   36.028   24.097   8.34 0.59 12.97206  -8.6927  2.83927  1.45336 L3h-sm h         
  44.236  0.058    2.194   41.679   43.232   63.759   24.274   7.89  0.00  4   42.258   24.777   8.39 0.42  8.98684  18.0522  2.85320  0.80459 L5c-sm f         
  42.624  0.034    3.762   41.179   43.914  207.208   23.980   7.53  0.00  4   42.915   23.808   7.36 0.50 22.09527 -12.1238  2.69312 -0.96459 L3q-sm f         
  45.156  0.059    0.890   42.470   47.459  212.648   23.289   6.53  0.00  4   46.471   23.441   6.68 0.82  2.73299  15.1397  2.62794 -0.81919 L4v-sm f         
#
# Total number of objects:       106074.
# Number of detections:          204
# Number of tracked objects:     112
