16.9495168151 -15.2782626522 26.05 MLS 0
43.2022527559 -7.6139500654 23.93 MLS 0
28.4511665719 -12.4164264115 25.95 MLS 1
40.2517576761 -7.22051630884 24.86 MLS 0
40.1627808106 -5.60813536696 25.03 MLS 0
3.27544030124 -24.0089928153 26.26 MLS 1
19.9276762904 -14.5642805863 25.06 MLS 1
17.6570030366 -24.0710331782 22.72 MLS 1
37.7379692271 -6.60651868498 24.14 MLS 0
34.596288162 -14.1829219462 24.02 MLS 0
16.3987650239 -22.1754534904 25.88 MLS 1
23.8726946852 -15.1012985436 24.64 MLS 1
2.53436244889 -29.8593351505 25.06 MLS 1
12.2261875211 -25.3516754572 25.92 MLS 1
36.6804437679 -12.7219458709 25.74 MLS 0
43.8023437854 -10.876953925 26.1 MLS 0
31.6797225433 -11.533482718 24.2 MLS 0
13.1853954281 -19.7746914376 25.09 MLS 1
24.0863336527 -24.6567122624 25.12 MLS 1
17.2722745948 -21.1498494638 24.81 MLS 1
3.50224768974 -28.7312265554 25.65 MLS 1
43.8165675719 -9.7328376026 24.81 MLS 0
18.7231965899 -13.7448270384 24.72 MLS 1
8.35552547177 -19.4538088897 26.2 MLS 1
37.6294286034 -11.7462258144 25.17 MLS 0
20.3931661917 -18.0925895547 23.66 MLS 0
44.0203882586 -7.51975467569 25.94 MLS 0
42.6584967087 -5.36721338267 25.6 MLS 0
0.0456395512764 -22.2330862297 25.37 MLS 1
28.7098055139 -14.5733076176 25.98 MLS 1
21.3194622991 -14.0192808254 24.77 MLS 1
21.9988046485 -13.1207252925 24.97 MLS 1
40.5794053981 -18.0213325127 24.74 MLS 0
41.5196481312 -7.1341724373 25.22 MLS 0
44.4059324974 -4.40878138082 24.6 MLS 0
32.9848806715 -8.8773570466 25.68 MLS 0
12.444136325 -19.9723964417 25.49 MLS 1
10.7060880842 -25.7231360033 26.03 MLS 1
11.6553846276 -24.3041194671 26.4 MLS 1
4.46991237784 -26.1545269662 26.28 MLS 1
37.5162663689 -17.6291368613 26.17 MLS 0
37.4632252347 -24.1832255487 24.14 MLS 0
5.20492332977 -20.3040790972 26.1 MLS 1
31.8271209158 -13.5700587976 24.17 MLS 0
47.7939123395 -21.6317144231 25.35 MLS 0
269.918217349 -23.1411511613 26.13 OGLE
19.888115311 -35.9638484633 25.01 MLS 0
4.19607632447 -23.4030869695 26.11 MLS 1
25.8637982946 -11.7709787949 25.0 MLS 1
14.1344852579 -22.2761965989 24.57 MLS 1
35.6108950302 -13.0622352745 26.18 MLS 0
29.1341939809 -12.8287060322 23.35 MLS 1
13.9596543697 -28.0921762028 24.97 MLS 0
30.0102915738 -12.0558822834 24.7 MLS 1
16.7199984932 -16.3733393187 22.72 MLS 0
39.8950700946 -8.92555704296 24.02 MLS 0
12.0550235005 -17.6280938196 25.25 MLS 1
5.61535223116 -27.2425139144 25.04 MLS 1
269.712692547 -23.1107331303 24.85 OGLE
19.4395357298 -21.7859036457 26.38 MLS 0
28.3993953417 -17.5994980132 25.86 MLS 0
8.76966739337 -22.5836167961 25.52 MLS 1
29.2770386557 -12.497787496 25.42 MLS 1
4.69124622309 -30.6362116356 26.01 MLS 1
2.32466569995 -30.7476548602 26.13 MLS 1
21.5866295143 -13.9287776194 24.21 MLS 1
23.7321600139 -20.665904403 25.58 MLS 0
4.01668632956 -26.7327155815 25.04 MLS 1
47.5437263915 -21.148049071 25.24 MLS 0
35.571967474 -7.63301555025 24.23 MLS 0
32.9928751342 -19.7156733825 25.89 MLS 1
16.7066166837 -16.3339956557 24.78 MLS 0
34.4642858479 -8.96302886026 25.77 MLS 0
17.5999778661 -17.7730555958 26.46 MLS 0
38.6862713819 -10.4989445473 25.69 MLS 0
40.8334320837 -8.97312463055 25.51 MLS 0
37.2870584153 -6.67616008176 24.83 MLS 0
43.6868365891 -36.7322929843 25.45 MLS 1
32.1978807212 -8.83042672194 26.32 MLS 0
9.52389703436 -31.8361931684 25.34 MLS 1
269.77476142 -23.0625951489 26.6 OGLE
15.1123102742 -43.918452112 24.91 MLS 1
9.86862993356 -21.2300722485 25.21 MLS 1
52.2455855722 -20.602738676 25.47 MLS 0
35.0477515908 -8.67170147644 26.19 MLS 0
27.6080236287 -15.763166187 25.23 MLS 1
35.8876362759 -9.82684227799 24.07 MLS 0
1.3252996596 -22.2708164705 24.44 MLS 1
0.131599077478 -30.9732888989 25.14 MLS 0
15.2203608859 -31.5438068856 25.57 MLS 0
17.8212411273 -28.2444624507 26.08 MLS 0
2.76325519806 -21.8367528657 25.52 MLS 1
16.1621853581 -15.3448758111 26.17 MLS 0
14.8108970148 -27.3121568053 23.45 MLS 0
1.32496558181 -35.9800603649 25.57 MLS 0
15.1459029758 -18.3605509917 25.15 MLS 1
32.1077899282 -12.9407859793 23.52 MLS 0
30.5049380453 -31.1604201887 25.8 MLS 1
3.30793663552 -26.9063079786 23.98 MLS 1
16.2847418898 -16.0102879208 23.88 MLS 0
43.5715243975 -7.67695673055 24.36 MLS 0
34.1312535004 -8.46459409274 23.98 MLS 0
29.4577653249 -9.8708703738 24.32 MLS 0
35.3472183703 -26.0654605846 23.95 MLS 1
44.9057526056 -7.83769074057 25.02 MLS 0
5.76060941353 -30.6519830095 25.54 MLS 1
36.9549386519 -7.56874458589 23.23 MLS 0
6.44460205287 -36.1919489042 24.17 MLS 0
32.1486262675 -10.5739363018 25.05 MLS 0
38.1049442361 -25.4332046289 24.4 MLS 0
44.5740389211 -9.81326430206 25.19 MLS 0
44.101415465 -18.7947408538 23.98 MLS 0
29.9828087139 -11.3766360115 23.7 MLS 1
6.99166547582 -19.7552738111 25.39 MLS 1
3.83638480383 -21.4471585143 25.71 MLS 1
17.3440869205 -14.7225271674 24.82 MLS 0
0.117188141793 -22.5344454364 25.67 MLS 1
12.8089492528 -32.2809251272 25.23 MLS 1
25.2850603094 -15.7180918727 24.03 MLS 1
0.505912799335 -26.6384194153 23.19 MLS 1
27.3741178911 -21.9291752619 24.63 MLS 1
34.3672117275 -14.5887471106 24.62 MLS 0
39.556646521 -24.8170781078 23.85 MLS 0
43.9763004539 -23.8665971062 23.69 MLS 1
5.26728303472 -23.509446552 24.25 MLS 1
21.9565128676 -15.3398489173 25.48 MLS 0
19.7406679618 -18.378653376 22.68 MLS 0
35.9651230839 -12.6292759957 24.3 MLS 0
33.676909289 -16.9850124973 25.08 MLS 0
37.3335973074 -13.3990012608 24.46 MLS 0
2.46226134222 -26.4452132214 23.39 MLS 1
42.291992046 -13.3230403729 23.27 MLS 0
37.8933133602 -28.5750909802 25.51 MLS 1
23.8972534269 -16.4189869892 25.59 MLS 0
1.87689520778 -21.7105930262 25.19 MLS 1
7.26346298172 -34.5633497506 25.31 MLS 1
13.6722533505 -22.2062935225 24.22 MLS 1
27.3654637381 -23.888778954 23.53 MLS 0
30.4003050665 -9.38601630525 24.76 MLS 0
16.6247326608 -25.3558213545 24.52 MLS 0
4.48805079691 -20.1849962826 25.41 MLS 1
23.2723515052 -19.128342714 24.61 MLS 0
34.7739263794 -11.5705506945 25.06 MLS 0
1.15930013377 -22.705294539 25.84 MLS 1
33.3650725045 -15.0099492557 23.75 MLS 0
25.3751063246 -18.7383727305 24.66 MLS 0
38.5796421736 -5.98102586107 23.56 MLS 0
32.4981218532 -18.5509350041 23.83 MLS 0
43.7458151238 -7.82085918123 23.69 MLS 0
1.5110235835 -29.1606312114 25.82 MLS 1
32.0684798324 -10.7328103777 24.27 MLS 0
29.1468212275 -10.3928346004 25.34 MLS 1
34.4492652445 -7.55650810784 25.17 MLS 0
29.5029799983 -21.3081671957 25.66 MLS 1
37.8545649134 -19.7844996823 23.27 MLS 0
25.6064338983 -11.7512809852 25.18 MLS 1
1.39590121002 -25.8496822233 23.44 MLS 1
36.96047283 -31.9197411253 24.49 MLS 1
25.5025867906 -20.1584215607 25.03 MLS 0
3.09577963824 -34.4244155899 25.75 MLS 0
39.4614107754 -16.4177607688 25.58 MLS 0
37.6742747384 -18.8401722327 26.05 MLS 0
15.9512588211 -16.6591039778 24.55 MLS 1
40.3586232187 -29.9935720834 24.31 MLS 0
19.4961215021 -13.573205248 24.94 MLS 1
4.84339493516 -19.9230169855 25.09 MLS 1
38.7500688022 -7.70055553249 25.6 MLS 0
33.397697227 -20.8379170628 24.16 MLS 1
22.8570316187 -14.3044435906 22.38 MLS 1
26.0879171918 -20.3350214449 24.33 MLS 1
40.8332775077 -13.2259848312 23.81 MLS 0
25.0777817226 -11.7594539335 23.95 MLS 1
5.44655019535 -20.0166141183 25.9 MLS 1
34.8976699659 -8.65321339974 24.54 MLS 0
10.267386871 -35.0698634529 23.62 MLS 1
23.4805691731 -17.9052303655 24.77 MLS 0
17.808231486 -17.2665646985 24.35 MLS 0
9.62587753125 -23.6925996191 25.64 MLS 1
11.1052759022 -27.5628818921 25.92 MLS 0
31.5366939559 -10.1905362261 25.04 MLS 0
7.35664078788 -26.7521653731 25.51 MLS 1
37.7748441099 -6.62074112776 24.79 MLS 0
9.23913860506 -17.8996513724 25.08 MLS 1
8.63295367609 -32.8115249181 25.32 MLS 1
13.0383112605 -25.3542691735 24.11 MLS 1
27.044029882 -34.3990657034 25.5 MLS 0
40.062750975 -23.3762376616 25.44 MLS 0
36.3298068069 -7.2759823047 22.83 MLS 0
33.546045706 -14.0608497535 22.43 MLS 0
13.6083402786 -22.4411082922 24.4 MLS 1
41.5565147297 -9.82926084613 25.28 MLS 0
34.6370837404 -15.8673801092 25.25 MLS 0
58.8108997669 -21.4830864385 25.87 MLS 0
16.0500811717 -18.6180704755 25.05 MLS 1
31.3687731025 -19.0281434605 25.84 MLS 1
14.651416605 -20.2450406755 23.69 MLS 1
27.9103203198 -11.3629235422 25.65 MLS 1
34.11634994 -15.0668305312 25.29 MLS 0
28.1168389336 -13.5047937794 24.38 MLS 1
29.1342071493 -17.2051389192 23.56 MLS 1
13.6210550533 -27.4250261121 25.62 MLS 0
39.9662949046 -6.19071511161 24.17 MLS 0
0.697817518882 -28.705522043 25.69 MLS 1
27.7579928934 -13.7786120437 24.19 MLS 1
36.8786693091 -6.83975647624 24.39 MLS 0
35.5133152219 -9.92281461898 23.84 MLS 0
41.7184661406 -5.85152518011 24.52 MLS 0
33.8857464488 -8.02291442253 25.39 MLS 0
8.48127524033 -19.4591047855 23.34 MLS 1
22.1761246316 -12.3552786163 25.27 MLS 0
38.0978767219 -20.2724168959 24.0 MLS 0
42.2489345909 -4.93700782186 24.88 MLS 0
3.46824067415 -22.2615233178 24.98 MLS 1
4.29466393574 -21.528385976 24.54 MLS 1
8.80940320304 -18.5235307345 25.39 MLS 1
10.1397718336 -26.5097398651 24.64 MLS 1
23.6983021692 -19.4074428357 25.28 MLS 0
41.3673889341 -10.0487695202 23.73 MLS 0
5.10702493532 -31.2957070799 25.25 MLS 1
37.0806881139 -8.62670457813 24.83 MLS 0
37.648460442 -7.09171549229 24.79 MLS 0
40.8738137116 -30.0691183299 24.39 MLS 0
25.7426817373 -12.0272416656 24.39 MLS 1
24.3345300753 -18.3057975333 24.37 MLS 0
31.4443419836 -8.59408382252 25.15 MLS 0
269.636564103 -24.7788596406 23.58 OGLE
32.382533143 -12.6976242843 24.3 MLS 0
25.1969857331 -16.704287488 24.93 MLS 0
12.5679685814 -20.9445766256 24.49 MLS 1
39.6908658423 -20.7736861299 25.91 MLS 0
50.8004247234 -38.223135314 22.74 MLS 1
25.2740945046 -11.2222549959 23.72 MLS 0
20.4609567015 -13.9502534209 24.28 MLS 1
3.11165152276 -35.2832525794 24.4 MLS 0
17.8013443086 -23.2121069616 24.9 MLS 1
39.1226659657 -11.7073275182 24.68 MLS 0
35.8401465596 -11.6520938928 25.43 MLS 0
33.033854023 -8.64897702187 25.11 MLS 0
7.02050712111 -29.8897908387 23.77 MLS 1
29.9237462753 -18.0267412093 24.71 MLS 1
32.5721054115 -22.2364216088 25.22 MLS 1
44.283202673 -15.8194085722 25.25 MLS 0
269.800292228 -23.4040688964 25.56 OGLE
269.413915407 -23.4531293553 26.61 OGLE
9.10642752981 -18.380291248 24.85 MLS 1
269.208655289 -23.5563458908 26.49 OGLE
7.493367246 -19.6691856382 26.34 MLS 1
20.2885676729 -15.6487440887 24.51 MLS 0
8.53601022215 -18.654292868 25.71 MLS 1
21.0736048137 -19.6112339995 24.79 MLS 0
37.8474472276 -6.34044673024 26.33 MLS 0
41.3922799941 -11.1680328567 24.37 MLS 0
269.592499184 -24.3765738363 24.64 OGLE
22.0526408735 -20.6094627996 25.08 MLS 0
44.7432789862 -5.69335922037 24.27 MLS 0
30.5106471392 -16.5936826204 24.08 MLS 1
11.6522779757 -18.4192126636 26.12 MLS 1
3.94329000335 -25.4587611731 25.14 MLS 1
9.95796917071 -20.3952361797 25.18 MLS 1
26.39941314 -12.2434937132 23.05 MLS 1
44.249585237 -32.9569670729 24.68 MLS 1
31.3754172047 -23.8130215366 24.23 MLS 1
29.7929628437 -22.0448536823 25.27 MLS 1
12.7446361056 -20.143565569 23.82 MLS 1
30.9934154269 -14.8126976483 23.94 MLS 1
6.59472462987 -24.4974490323 24.44 MLS 1
22.6502836691 -14.9504814718 24.57 MLS 1
19.5499070654 -13.6974945922 23.67 MLS 1
54.625751576 -25.3963792537 24.97 MLS 0
41.2803670457 -11.7657872816 23.18 MLS 0
16.6257863448 -20.9688060904 25.01 MLS 1
14.0138649656 -25.1420104026 24.86 MLS 1
8.22930649867 -20.3448762479 24.44 MLS 1
28.8410812912 -18.794759126 25.12 MLS 1
8.6443077025 -32.9490222896 24.53 MLS 1
23.9006045614 -16.9247552237 24.47 MLS 0
41.8663182912 -9.7518927743 23.83 MLS 0
19.8585986812 -15.2895223633 24.7 MLS 0
37.0570296018 -19.7395541658 24.49 MLS 0
3.50719866315 -30.3999992118 24.82 MLS 1
39.776143054 -11.9522719618 24.09 MLS 0
4.50742927772 -24.6078789571 24.58 MLS 1
22.0938700669 -18.2656201149 22.74 MLS 0
4.51410325886 -29.6142655803 24.57 MLS 1
44.568079972 -10.1652489308 24.02 MLS 0
31.7982926501 -22.3879159137 25.26 MLS 1
3.42225814985 -36.1299951081 24.21 MLS 0
39.821807811 -13.6428816014 24.17 MLS 0
26.4875183181 -19.6146669785 24.75 MLS 0
12.2125442514 -24.8067556748 24.6 MLS 1
36.4326630414 -8.86487359304 24.78 MLS 0
20.5216506028 -21.8210675859 25.06 MLS 0
17.672705388 -15.536398621 23.98 MLS 0
18.0198501279 -18.0242962996 24.49 MLS 0
34.8999060074 -13.0113555534 24.53 MLS 0
3.43939588477 -26.7452228285 25.08 MLS 1
28.8841656022 -15.2173173088 24.67 MLS 1
43.3994963568 -4.51672146338 23.96 MLS 0
18.976450796 -16.4581726937 24.37 MLS 0
13.6271922058 -34.8902964747 24.19 MLS 1
8.25287747259 -18.9206802775 25.1 MLS 1
45.80550949 -22.1674986708 23.08 MLS 0
25.5772694687 -25.180241203 25.14 MLS 0
28.8976832292 -21.0826090664 24.83 MLS 1
7.26881959373 -24.69820636 25.03 MLS 1
22.6430619403 -15.514580972 25.2 MLS 1
38.0139186784 -20.8732765846 24.16 MLS 1
23.4101072114 -15.3563154117 24.15 MLS 1
0.781103430162 -26.5357886323 24.83 MLS 1
1.91694928427 -25.6794717863 24.91 MLS 1
39.5097565691 -12.0757141555 24.61 MLS 0
34.6248771821 -29.5893642224 24.9 MLS 1
38.5473394203 -9.28587544351 24.47 MLS 0
11.1227750459 -17.794234163 24.79 MLS 1
3.29310260878 -21.6610620587 24.24 MLS 1
4.35127566043 -30.480170743 25.06 MLS 1
4.48415809752 -21.5953979448 24.46 MLS 1
42.9117156946 -10.526259565 24.02 MLS 0
29.3137658707 -18.4539112752 24.66 MLS 1
16.808049565 -19.0400571213 25.02 MLS 1
9.57369630702 -22.2569205319 24.62 MLS 1
22.1675540615 -18.1395357905 24.91 MLS 0
2.49987070512 -26.4958936756 25.0 MLS 1
26.0557144641 -23.1981332789 23.45 MLS 1
14.1632219293 -21.6390213745 24.53 MLS 1
30.7861792228 -19.4882577498 24.85 MLS 1
10.3760393056 -24.388352738 25.11 MLS 1
29.7722004669 -24.749173436 24.41 MLS 1
15.1701514548 -32.5224167731 24.91 MLS 1
42.4962631318 -6.17225158747 24.4 MLS 0
19.3609281983 -31.5334661337 23.9 MLS 0
12.1276706776 -22.3031988264 24.31 MLS 1
11.7982985442 -17.5424129879 25.57 MLS 1
27.0122248341 -20.3172363024 23.57 MLS 1
32.4927563732 -19.6372245565 24.7 MLS 1
15.4829006851 -17.1027599831 26.05 MLS 1
34.5653112177 -14.0976528605 24.7 MLS 0
36.4416888221 -8.35879873841 25.69 MLS 0
36.2136887976 -11.9578564357 25.73 MLS 0
21.3451346862 -24.122728402 25.54 MLS 1
35.9111760463 -10.690288598 25.21 MLS 0
4.45912045353 -21.2933266836 25.06 MLS 1
37.384301263 -9.71650945001 25.08 MLS 0
269.780267961 -23.2738887033 24.74 OGLE
34.7182288084 -15.2256967196 25.76 MLS 0
33.722876032 -18.9623693307 25.55 MLS 0
7.97098944025 -25.8605577826 25.24 MLS 1
7.39558599764 -20.9902691971 24.27 MLS 1
3.03014182245 -28.106711801 25.3 MLS 1
27.5218411316 -22.8519154381 25.27 MLS 0
37.2583186125 -16.0923259981 24.76 MLS 0
47.1685437212 -27.4013504757 25.04 MLS 0
39.1936844925 -8.56402939882 25.86 MLS 0
10.679963415 -21.9323197089 25.64 MLS 1
29.7434264302 -12.9616509049 24.94 MLS 1
10.9419652466 -20.1363324106 24.96 MLS 1
25.9984497013 -29.5139489373 25.11 MLS 0
42.7156132833 -17.0725247361 25.41 MLS 0
40.0779955204 -5.66911149865 24.92 MLS 0
42.7357960741 -9.46938266657 25.0 MLS 0
3.25153708834 -33.0249252907 25.34 MLS 0
35.7326790431 -15.5175506049 24.58 MLS 0
5.67123514419 -28.9464951321 24.74 MLS 1
24.8840988151 -18.2269415487 24.93 MLS 0
19.6703545261 -16.5825356151 24.99 MLS 0
1.29934827759 -25.6703045048 25.31 MLS 1
41.6940654779 -11.4103816738 25.09 MLS 0
42.1878511066 -6.54478372787 25.15 MLS 0
44.710383138 -15.8416824347 25.99 MLS 0
43.9571090884 -4.40362543836 26.08 MLS 0
3.87781025876 -26.8028508128 26.2 MLS 1
56.4339186811 -23.6988135941 25.82 MLS 0
6.5672638258 -29.2840258996 25.16 MLS 1
22.6799845084 -12.1624102911 25.42 MLS 0
20.7634121246 -33.8261876193 23.55 MLS 1
8.1473432415 -24.2796671684 25.29 MLS 1
19.9448402786 -15.529345277 25.49 MLS 0
35.3052845568 -8.41802731767 25.47 MLS 0
29.8760731717 -27.6761722605 25.99 MLS 1
32.3310390021 -12.0023351611 25.54 MLS 0
24.9612295218 -18.530620277 25.48 MLS 0
29.8661585412 -37.4700740825 23.77 MLS 1
19.4533999083 -15.7619201266 25.83 MLS 0
12.5901539981 -29.1763721173 23.55 MLS 0
44.9076297886 -8.48045895917 24.78 MLS 0
269.008984413 -23.6735588732 25.13 OGLE
0.183771072593 -23.6323641936 24.58 MLS 1
15.4621621336 -18.282507984 24.54 MLS 1
41.38075567 -11.5429158277 25.1 MLS 0
13.755341971 -22.6201347844 24.36 MLS 1
37.909654762 -11.1010538838 24.86 MLS 0
6.01926145561 -27.1350926437 24.65 MLS 1
11.3971422337 -29.136059484 25.3 MLS 0
10.5652569563 -42.5319722654 26.41 MLS 0
44.4838882234 -30.6265076109 22.54 MLS 1
8.95680198668 -18.9115301937 25.04 MLS 1
21.903804332 -12.4788319875 24.57 MLS 0
42.528176172 -5.47036299833 23.8 MLS 0
14.9146102942 -34.7919415569 24.63 MLS 1
20.8456759072 -15.7137726416 25.64 MLS 0
21.0123214961 -14.30589684 25.39 MLS 1
269.407651564 -23.0160227541 24.59 OGLE
48.0632985884 -21.468210545 24.63 MLS 0
3.46122464686 -38.5564074375 25.17 MLS 0
33.3415846203 -8.20163568977 24.39 MLS 0
18.6107821532 -21.5091280192 24.66 MLS 1
10.7387368097 -18.3726851126 23.96 MLS 1
14.7417188297 -15.5320680084 24.68 MLS 1
41.2505010128 -7.46623545229 25.18 MLS 0
36.3525368929 -9.19882016469 25.02 MLS 0
8.04891006386 -31.1449259187 26.13 MLS 1
35.7816219648 -13.3883415513 25.69 MLS 0
16.0859426534 -23.6437301113 24.61 MLS 1
16.4230163694 -15.746505865 24.99 MLS 0
17.3402536316 -28.208484343 24.52 MLS 0
13.1621089565 -19.6076820759 24.99 MLS 1
33.0342031003 -21.1817198843 24.63 MLS 1
38.2095451523 -21.9184947476 24.89 MLS 0
12.231680204 -39.3239877023 25.39 MLS 0
8.23208142219 -32.3541244832 24.83 MLS 1
18.2436257229 -14.5342286756 25.6 MLS 0
21.0055947945 -13.599300517 24.73 MLS 1
3.73853257372 -26.9495335544 24.54 MLS 1
3.14198701526 -23.9287729921 24.74 MLS 1
7.63166533986 -22.323877728 24.59 MLS 1
269.826954159 -23.6604652975 25.28 OGLE
6.54420734367 -26.6189046494 24.02 MLS 1
43.5124627519 -25.6053543801 24.05 MLS 0
5.07967122825 -38.5200199502 25.11 MLS 0
10.3140250239 -26.0891169734 24.56 MLS 1
36.2909557045 -14.0777296857 24.32 MLS 0
18.3127909811 -34.6159095873 25.05 MLS 1
24.136377296 -16.6382107955 25.23 MLS 0
26.0231284016 -19.4598842676 24.34 MLS 0
40.8568108574 -11.2808926648 26.27 MLS 0
5.98908781563 -31.9763423333 23.01 MLS 1
15.3899858302 -23.0480855243 25.02 MLS 1
1.46405736913 -24.0157488103 25.76 MLS 1
25.8605595938 -24.1884843704 24.67 MLS 1
16.4954562102 -20.9571630765 26.24 MLS 1
0.52875619264 -42.335116156 24.32 MLS 0
40.8480061216 -8.00723183622 24.86 MLS 0
41.581334607 -20.1916686005 24.53 MLS 0
41.0926559798 -11.1587935216 25.64 MLS 0
20.8420500302 -27.1852979894 24.46 MLS 0
33.0331700657 -13.3260136893 24.81 MLS 0
17.928848998 -23.9704977421 25.11 MLS 1
39.7144978548 -12.6475470086 24.91 MLS 0
34.8998754504 -12.7817641574 24.13 MLS 0
18.255849511 -14.9011605908 25.96 MLS 0
42.0588146765 -21.3509048448 25.95 MLS 0
50.5452857888 -21.1468528848 25.94 MLS 0
25.0972219112 -25.145558291 24.44 MLS 1
20.5615728403 -19.8355777557 24.75 MLS 0
40.2651540835 -7.08499280352 25.38 MLS 0
22.7689238082 -23.3906584941 25.19 MLS 1
38.6327190023 -23.9576027739 23.68 MLS 0
40.552297179 -9.40973394292 25.65 MLS 0
35.9662783532 -23.3669078339 24.56 MLS 1
9.2515910811 -24.5225455115 26.43 MLS 1
30.1337462142 -15.0042972662 23.76 MLS 1
9.16247762551 -34.4248547876 25.78 MLS 1
40.4819231191 -18.7501662907 24.58 MLS 0
24.2406288416 -19.8752723947 24.85 MLS 0
30.039187778 -17.0632833581 26.23 MLS 1
19.0931087856 -22.0423674285 25.19 MLS 0
22.4718171375 -12.503304894 24.98 MLS 1
41.8685796365 -15.2237425416 25.52 MLS 0
16.7535669155 -15.9909982425 24.84 MLS 0
17.4344818831 -14.7692980186 25.08 MLS 0
27.5953352865 -12.1253761974 24.98 MLS 1
24.0243844368 -14.2624306352 25.35 MLS 1
39.7431867364 -16.1355508663 25.62 MLS 0
1.21112587608 -29.7033761125 25.32 MLS 1
9.25627371775 -48.0585007153 25.41 MLS 0
1.73096077816 -21.8430771598 23.78 MLS 1
16.5452894702 -26.498477845 26.27 MLS 0
15.2348375352 -17.5164457429 25.96 MLS 1
21.6454260769 -33.9416762888 23.88 MLS 1
9.92904934626 -23.6962469273 25.42 MLS 1
11.0068318079 -28.5806884421 23.87 MLS 0
19.9554554016 -37.9539449707 24.69 MLS 0
3.94700025654 -37.0082912586 25.13 MLS 0
25.7547833047 -18.0733121447 24.96 MLS 0
0.308723664103 -33.2030017288 24.89 MLS 0
17.4963444276 -20.4709902605 24.93 MLS 1
40.8882936912 -11.5951285783 24.91 MLS 0
269.630701071 -23.7716355039 25.52 OGLE
20.6278769593 -24.8011049379 25.25 MLS 1
27.9935989412 -12.1158911593 24.02 MLS 1
38.6975212327 -6.33120422255 25.78 MLS 0
40.9181031317 -5.49972256207 25.1 MLS 0
44.6019659988 -4.15146927303 25.03 MLS 0
21.8281784404 -15.3222237918 24.97 MLS 0
13.7467194707 -23.548093351 24.67 MLS 1
28.0650722384 -10.801124216 24.97 MLS 1
10.9609419125 -30.8324498706 24.92 MLS 1
17.6042427608 -19.9759177341 24.56 MLS 1
38.8626178397 -7.64187786645 26.3 MLS 0
30.9455188693 -29.1903376686 25.14 MLS 1
41.4257532822 -7.12315662693 24.84 MLS 0
42.4026110489 -6.86549936467 25.57 MLS 0
16.1291434821 -37.7550631123 25.72 MLS 1
15.5169616175 -15.6266231518 24.04 MLS 1
14.6742202306 -22.5057390662 25.29 MLS 1
40.1257039065 -14.9031972489 25.27 MLS 0
58.6418730144 -30.1631751026 24.84 MLS 0
36.0197875987 -7.18939450085 25.29 MLS 0
39.6404683929 -21.1606344402 24.4 MLS 0
29.3143698656 -9.77392597692 26.12 MLS 0
6.01203446221 -28.5791964833 25.43 MLS 1
53.8204911985 -28.7447125512 25.78 MLS 0
38.8363163811 -14.8176212056 26.22 MLS 0
269.681722965 -23.8525353216 24.73 OGLE
12.905716347 -18.2245184342 24.14 MLS 1
26.4439047602 -12.7061638145 25.69 MLS 1
27.9264170266 -17.3753963373 25.6 MLS 0
12.9290364265 -30.8487343466 25.7 MLS 0
43.7785756468 -7.02825835704 23.74 MLS 0
37.8734187054 -17.1372366633 25.84 MLS 0
20.2011330168 -31.728880751 25.44 MLS 0
35.5341567047 -16.1127498805 24.6 MLS 0
269.845344781 -23.6637309271 25.34 OGLE
14.2005249045 -22.1022764969 24.78 MLS 1
51.2143835949 -23.8282720518 24.88 MLS 0
44.9680263672 -32.5355910646 24.98 MLS 1
2.64049765137 -20.941831976 24.99 MLS 1
37.8944535112 -9.15839184923 26.0 MLS 0
35.805843943 -16.027618829 25.11 MLS 0
40.0913818695 -13.9775283749 23.41 MLS 0
42.2813906616 -17.3625499627 24.74 MLS 0
27.3453852669 -33.7011876387 24.76 MLS 0
6.19559228636 -27.8111819975 25.02 MLS 1
42.0107210182 -13.4108696059 24.55 MLS 0
13.1593681807 -26.599097185 25.28 MLS 0
11.9550308298 -16.8440866325 24.72 MLS 1
269.227356673 -23.8870327988 25.3 OGLE
23.9200327969 -34.8021689423 25.52 MLS 1
269.755611081 -23.9087190354 25.65 OGLE
25.3370871027 -12.1465438664 25.49 MLS 1
27.4665733236 -24.4991730305 24.11 MLS 0
28.4632842583 -16.8503513203 26.02 MLS 1
32.00258669 -30.1509352231 25.65 MLS 1
30.7838874351 -15.5417948296 24.9 MLS 1
25.4971007179 -14.9663141354 25.12 MLS 1
44.7193524258 -5.87677651414 25.4 MLS 0
17.2182526936 -22.4268889981 25.63 MLS 1
6.39878528199 -44.7089126722 23.69 MLS 0
42.7115032008 -21.864437772 23.92 MLS 0
40.8914770951 -14.0582967026 24.3 MLS 0
27.1862576468 -23.0762787078 25.38 MLS 0
22.5956032197 -16.1939006711 25.45 MLS 0
0.722982095483 -24.023539784 24.92 MLS 1
32.667278802 -9.456824786 25.63 MLS 0
5.12975061189 -28.6852203711 25.88 MLS 1
38.8985676239 -16.2981726036 23.9 MLS 0
42.6488881804 -8.26815844519 25.19 MLS 0
9.89825913077 -23.0690633163 25.43 MLS 1
1.48705210352 -41.018851376 25.65 MLS 0
59.5199353408 -20.5106926928 25.25 MLS 0
44.4448377658 -7.9513391391 24.87 MLS 0
16.2680287603 -19.3286795858 25.16 MLS 1
45.3375516563 -29.6517371276 25.19 MLS 1
34.5295307947 -17.6764566403 25.81 MLS 0
4.14495277418 -32.745831676 25.52 MLS 0
38.4982288649 -7.29599744266 25.17 MLS 0
32.1807377011 -16.6655458842 25.67 MLS 1
269.22550569 -23.0686293145 25.56 OGLE
25.5701289925 -15.8177469133 25.54 MLS 1
26.1332375372 -16.7777079143 25.6 MLS 0
269.742387018 -24.9846971184 24.89 OGLE
17.9206290227 -21.7123365449 25.34 MLS 1
27.2036375774 -19.3226689729 24.46 MLS 0
10.838628628 -18.4553346394 25.09 MLS 1
37.6863272349 -6.77237523948 24.72 MLS 0
8.29562944229 -23.7912670583 25.77 MLS 1
36.1788645156 -9.2254417071 25.64 MLS 0
32.2624833746 -9.57864668926 26.14 MLS 0
0.636560993845 -22.4480816624 23.73 MLS 1
15.148583805 -25.3126468949 26.08 MLS 1
44.7195781793 -6.45061424203 24.77 MLS 0
7.93797315865 -45.5913771712 24.79 MLS 0
14.0710299981 -18.1459823528 25.9 MLS 1
30.9912287266 -21.8353368187 25.98 MLS 1
35.0619341868 -10.3461899046 23.8 MLS 0
269.892268095 -23.6879305928 24.93 OGLE
24.8829025442 -13.1037579003 24.19 MLS 1
29.2989318778 -9.69305031167 25.36 MLS 0
10.4253991064 -37.1116437444 24.36 MLS 0
20.5392335127 -22.4882962792 24.2 MLS 0
17.8733934103 -18.2579414205 25.88 MLS 0
42.4629087595 -5.53167165004 24.74 MLS 0
25.4544952957 -26.357236511 24.8 MLS 0
27.2017961938 -15.9020607631 24.59 MLS 1
50.5943246111 -22.7841087415 25.66 MLS 0
8.56871165095 -18.3646002645 25.34 MLS 1
20.9632139604 -15.8979900335 25.21 MLS 0
269.911603469 -24.1979000238 24.4 OGLE
13.4406311891 -17.3455318467 25.72 MLS 1
39.3730010597 -12.6008426195 25.75 MLS 0
4.67727791052 -22.8356392999 25.19 MLS 1
21.8377051796 -12.7577880046 25.06 MLS 1
4.48139533426 -21.5082736848 25.5 MLS 1
7.75497557209 -19.0888921663 25.91 MLS 1
41.4841765102 -9.04505971015 24.27 MLS 0
41.9799445291 -10.5452677738 25.89 MLS 0
2.76439888299 -27.1952078042 25.19 MLS 1
9.82851131954 -25.3909417626 24.76 MLS 1
30.9010543165 -27.4722844929 25.4 MLS 1
37.0495751975 -14.1892633174 24.64 MLS 0
5.25082482064 -22.8358249805 24.96 MLS 1
32.5524396011 -12.0154158402 25.5 MLS 0
3.35567368242 -32.4950742719 24.16 MLS 0
42.3265713545 -4.92500640152 24.34 MLS 0
11.1573124856 -20.146751729 23.23 MLS 1
34.892478023 -11.1445159301 24.57 MLS 0
16.0551109113 -51.6046161097 24.18 MLS 0
35.0457278898 -7.71661492948 25.1 MLS 0
28.1687104339 -12.5980851667 24.79 MLS 1
32.7316390997 -11.4643016994 25.53 MLS 0
6.69058762875 -22.5610201123 24.77 MLS 1
269.09854176 -23.1426185568 25.34 OGLE
39.654162923 -14.2371828983 24.46 MLS 0
46.5876891731 -22.8926147528 25.35 MLS 0
28.1543290351 -12.7328980994 25.12 MLS 1
10.0119112468 -30.4234010752 24.95 MLS 1
25.2201861341 -34.0503609345 25.05 MLS 0
39.679558838 -24.773010505 24.59 MLS 0
29.6703707368 -9.5762233673 25.4 MLS 0
33.3745851385 -9.09973644805 25.97 MLS 0
20.4907296875 -13.5440931931 25.97 MLS 1
39.4178059079 -19.6223332329 23.76 MLS 0
12.9662665253 -32.5783724174 25.16 MLS 1
10.7415897555 -17.4182378499 26.02 MLS 1
269.966760757 -23.6328389442 25.53 OGLE
27.5378773679 -11.9507932519 26.2 MLS 1
40.4954814212 -16.7392950384 25.09 MLS 0
11.1688391362 -22.5793495827 25.05 MLS 1
28.337995841 -19.780371187 25.16 MLS 1
37.8298950869 -11.7840128027 23.82 MLS 0
23.6070849918 -27.952254614 25.16 MLS 1
21.0917767703 -18.9677472374 24.81 MLS 0
42.5038580218 -8.20918175407 24.74 MLS 0
7.40119680224 -23.7953867096 25.7 MLS 1
37.9582572872 -6.65967894854 25.21 MLS 0
5.23317516852 -25.1779983586 26.07 MLS 1
38.8152253741 -7.47228431163 24.42 MLS 0
15.3399811418 -30.4688973707 24.42 MLS 0
40.2211854493 -20.1009378416 25.35 MLS 0
10.7128616493 -42.3009438467 24.0 MLS 0
28.53024991 -10.3400829688 24.79 MLS 1
5.74220954181 -25.5711753061 25.29 MLS 1
269.347700713 -24.5836686065 25.76 OGLE
23.850795976 -27.2257773101 25.95 MLS 1
28.0714020687 -13.8055356126 26.13 MLS 1
46.0348752111 -42.0363168374 25.6 MLS 0
6.73281892073 -18.9687180665 24.84 MLS 1
41.1870997471 -10.3365284856 25.21 MLS 0
28.3892742606 -21.5880874468 24.02 MLS 0
17.5632894971 -16.2519069085 24.69 MLS 0
38.1057656383 -20.1697291132 26.44 MLS 0
11.4816401185 -21.1095778976 24.76 MLS 1
27.041393298 -23.6968972163 26.18 MLS 0
21.4967580039 -15.9149833843 24.75 MLS 0
38.2577176386 -10.026826105 25.36 MLS 0
269.077725524 -24.122932726 25.59 OGLE
4.17786466785 -23.4960597874 24.97 MLS 1
23.665858594 -26.5803122631 25.31 MLS 1
16.1736521401 -18.8901354227 23.78 MLS 1
18.6647884861 -14.7860399268 24.93 MLS 0
43.7978688679 -4.80974403126 25.46 MLS 0
27.7344478534 -40.570579853 24.77 MLS 1
8.45517267912 -28.0403352706 24.41 MLS 1
31.4751544081 -9.39723891712 24.95 MLS 0
26.2490317064 -12.8528219599 25.31 MLS 1
269.600286476 -23.7731838865 25.59 OGLE
31.5952220676 -21.7582538481 25.46 MLS 1
269.463169502 -24.8967387381 23.85 OGLE
18.8818298677 -18.8313979234 24.43 MLS 0
43.6805661312 -6.65484604113 25.95 MLS 0
9.44013804117 -18.1302809797 25.37 MLS 1
269.315864034 -23.8050723266 25.79 OGLE
16.9743800284 -27.7909052923 25.26 MLS 0
0.957298644016 -28.3202752504 24.98 MLS 1
32.4095027953 -19.3413170389 24.73 MLS 1
43.1144284632 -19.2807381272 25.3 MLS 0
0.618409637692 -30.3901814019 24.09 MLS 0
5.02303538087 -51.8234008459 25.95 MLS 0
10.8231254288 -17.1859253795 25.49 MLS 1
16.0047578642 -34.2744303981 25.2 MLS 1
15.4942290203 -24.492597068 22.32 MLS 1
14.8091834792 -38.0199702137 24.92 MLS 1
269.351957673 -24.9116024427 24.85 OGLE
26.2713416103 -12.7237621839 24.6 MLS 1
27.1768532621 -10.5685668216 24.79 MLS 0
43.9706038108 -7.3216962311 24.94 MLS 0
9.93533889601 -35.2593317632 26.09 MLS 1
29.5709382297 -15.8110934026 24.17 MLS 1
33.8835179128 -29.4296085941 24.99 MLS 1
33.1290027637 -12.4443056684 25.59 MLS 0
8.05661797248 -31.3931052626 23.68 MLS 1
27.1583103533 -18.9530462668 25.69 MLS 0
48.9860803825 -22.2485842746 25.15 MLS 0
37.1530432449 -11.5100331588 25.91 MLS 0
40.2273378455 -19.6979089273 25.38 MLS 0
22.8500695426 -18.2503521631 25.34 MLS 0
28.0829609389 -36.2265838845 25.37 MLS 0
11.1316284177 -17.1716496414 25.11 MLS 1
29.4315812781 -14.0266651242 24.55 MLS 1
19.9300563276 -22.0121466835 24.03 MLS 0
5.67387883426 -21.0619640001 24.11 MLS 1
33.5793486635 -11.2263047181 24.26 MLS 0
29.2353306028 -11.3846801581 24.87 MLS 1
16.4000241894 -17.6573955489 25.69 MLS 1
24.8160628838 -23.1145705893 26.42 MLS 1
43.5028230692 -9.53975477717 24.76 MLS 0
269.596619133 -23.728265498 25.05 OGLE
23.3959818289 -13.5114798204 23.25 MLS 1
25.6687535005 -19.1668325263 26.26 MLS 0
269.984671302 -23.144677441 25.07 OGLE
11.6943186041 -17.1074613334 23.71 MLS 1
32.2143863061 -18.7769985489 24.58 MLS 1
16.0897542285 -39.0613362074 25.19 MLS 1
13.6280199656 -27.8270342226 24.95 MLS 0
55.2210534252 -22.2849069504 24.84 MLS 0
30.4694758722 -20.8125524992 25.32 MLS 1
37.5466635244 -7.9984128357 25.14 MLS 0
269.352704145 -24.4020268709 25.87 OGLE
44.9484558766 -15.5823085707 24.97 MLS 0
27.1644782706 -17.5481186405 24.8 MLS 0
42.2344727264 -4.7966234389 25.46 MLS 0
41.9565122273 -11.1741347385 25.79 MLS 0
23.6631024489 -13.4797054875 24.42 MLS 1
41.9705463952 -5.08003703828 25.1 MLS 0
38.3246158855 -20.7699494343 25.75 MLS 0
26.5661026525 -12.7219618942 24.47 MLS 1
269.505585866 -24.0769078267 25.08 OGLE
18.5426407181 -18.8459112893 25.63 MLS 0
19.5178314571 -26.9340127332 24.84 MLS 0
5.81548952342 -21.4610868847 26.22 MLS 1
31.1234661171 -17.9530848047 24.49 MLS 0
6.00705263778 -24.5964315167 25.29 MLS 1
1.82898929672 -26.016128087 25.2 MLS 1
39.5410059825 -12.2602428605 24.78 MLS 0
27.6365088922 -11.8396693801 24.65 MLS 1
8.51003107061 -40.3597274541 24.68 MLS 0
269.483002133 -23.2097074806 25.23 OGLE
17.532926475 -17.7245296778 25.64 MLS 0
27.7516687746 -18.0407823675 25.3 MLS 0
42.7174470677 -14.3558199546 26.08 MLS 0
22.5402316883 -16.1489747654 25.4 MLS 0
28.8857476347 -13.3172042947 24.63 MLS 1
40.4634532075 -25.7338183877 25.52 MLS 0
23.7210105785 -22.9003444488 25.36 MLS 1
26.5533944481 -19.6262619414 25.26 MLS 0
25.0339147086 -12.0414217438 24.84 MLS 1
31.5548823625 -17.1491931118 26.16 MLS 1
2.73737724779 -21.870991009 24.26 MLS 1
38.3217457496 -7.68200038155 26.07 MLS 0
32.8514804349 -30.8361310907 24.59 MLS 1
27.3093238959 -32.5797840721 24.51 MLS 0
26.9189989516 -13.274859815 25.57 MLS 1
34.0690389612 -11.6581136135 24.93 MLS 0
26.5376304696 -12.3186442327 23.98 MLS 1
33.8370347605 -12.4728424024 25.86 MLS 0
14.6749957063 -20.7668520968 24.78 MLS 1
5.31625103822 -27.1821196331 24.73 MLS 1
269.692779138 -23.2708656733 25.75 OGLE
36.7004051036 -20.3228996907 26.03 MLS 0
14.0273895413 -42.2888597833 24.92 MLS 0
269.634498218 -23.4897299367 25.21 OGLE
39.0937524602 -8.9434345926 25.03 MLS 0
34.8554545333 -18.2424605223 25.71 MLS 0
24.0529790289 -18.2432005443 24.97 MLS 0
20.9729360763 -31.0696946339 24.55 MLS 0
12.8155889053 -21.2466618481 25.66 MLS 1
269.567544498 -23.3037871815 24.97 OGLE
42.00042651 -14.5966560412 23.93 MLS 0
7.67045182243 -20.7496155138 24.2 MLS 1
35.8136269842 -28.1152578632 25.45 MLS 1
51.6456651108 -24.0010845151 25.88 MLS 0
44.046920744 -8.96625719021 22.81 MLS 0
5.55893366624 -22.5558032761 25.12 MLS 1
25.6698239788 -22.6240795845 24.8 MLS 1
40.338377387 -19.5817679008 25.46 MLS 0
17.7465120094 -25.6733044314 24.36 MLS 0
14.8349446041 -39.1206967299 23.4 MLS 1
5.72368466332 -41.8505957351 25.74 MLS 0
31.2964718116 -13.6680982961 22.56 MLS 1
17.5228137064 -28.2879372613 24.94 MLS 0
