# Seed:  123456789
#
#   a      e        i        q        r        M      m_rand H_rand color flag delta    m_int   H_int eff   RA(H)     DEC    delta_ra delt_dec Surv.  Comments
#
# flag: >0: detected; >2: characterized; 0 mod(2): tracked
# Survey: name of the block
# delta_ra: distance from center of pointing [arcsec]
# delt_dec: distance from center of pointing [arcsec]
#
  34.976  0.112    4.377   31.059   38.753  162.785   23.679   7.77  0.00  3   37.783   23.643   7.73 0.72  4.84464  23.0789  3.29155 -0.44531 L3w-sm resonant  
  42.481  0.342    0.092   27.952   28.113  354.349   23.650   9.13  0.00  4   27.146   23.476   8.95 0.64  8.82055  17.8694  4.08751  1.13844 L7a-sm resonant  
  42.287  0.118    1.413   37.297   37.338    6.387   24.073   8.31  0.00  4   36.348   23.916   8.15 0.60 15.21980 -19.4343  3.10758  0.87273 L4k-sm resonant  
  42.140  0.197   12.263   33.838   35.235  332.512   24.682   9.18  0.00  2   34.258   24.438   8.94 0.08  2.33613  15.3715  3.27751 -1.32217 L4v-sm resonant  
  42.495  0.116   20.508   37.566   39.616  311.171   24.724   8.75  0.00  1   38.632   24.673   8.70 0.05  9.39456  17.2572  3.05976  1.21627 L5c-sm resonant  
  42.413  0.161    5.858   35.585   43.518   90.241   22.846   6.44  0.00  4   42.525   22.876   6.47 0.87 23.74033  -1.2463  2.65661 -1.20978 L3s-sm resonant  
  42.146  0.056    2.367   39.786   40.137   30.051   23.976   7.91  0.00  4   39.167   24.236   8.17 0.40  8.73644  18.0733  3.05307  0.85191 L7a-sm resonant  
  42.364  0.073    5.426   39.271   44.328  126.273   24.324   7.81 -0.80  4   43.342   24.887   8.37 0.80 21.92287 -12.3350  2.62842 -0.89703 presur resonant  
  42.422  0.258   28.101   31.477   39.330   59.397   24.139   8.17  0.00  4   38.353   24.467   8.50 0.52  9.08766  17.5182  3.10636  1.22890 L5c-sm resonant  
  55.350  0.418    0.850   32.214   33.927   13.140   23.750   8.37 -0.70  4   32.972   23.833   8.45 0.80 13.06754  -5.8766  3.10240  1.26042 L3h-sm resonant  
  55.500  0.285    6.120   39.683   42.048  336.837   23.521   7.27  0.00  3   41.038   23.447   7.20 0.52 19.70206 -21.4985  2.86154 -0.56326 L4n-sm resonant  
  55.556  0.457   20.085   30.167   30.317  356.635   23.883   9.02  0.00  2   29.328   23.740   8.88 0.35 16.11276 -21.5306  3.83477  0.33911 L5i-sm resonant  
  55.374  0.329   11.966   37.156   41.830   29.361   24.022   7.77  0.00  4   40.862   23.958   7.71 0.58  4.80077  22.8265  3.00754 -0.25041 L3w-sm resonant  
  55.315  0.301    2.981   38.665   38.718    3.151   23.491   7.59  0.00  4   37.731   23.581   7.68 0.68 12.67143  -6.0313  2.92830  1.19351 L3f-sm resonant  
  36.428  0.152    6.096   30.891   41.592  155.800   24.746   8.51 -0.80  3   40.606   24.771   8.53 0.52 21.95499 -13.5952  2.80918 -0.98080 presur resonant  
  36.399  0.126    3.875   31.813   38.789  115.278   23.974   8.05  0.00  4   37.821   24.161   8.24 0.40  8.80439  19.9354  3.16989  0.93999 L7a-sm resonant  
  36.417  0.093    7.310   33.030   35.025  299.168   23.266   7.78  0.00  4   34.035   23.035   7.55 0.66 16.08900 -21.3365  3.41526  0.55936 L5i-sm resonant  
  36.484  0.196    2.224   29.333   36.440   78.441   24.413   8.80  0.00  1   35.452   24.377   8.77 0.39  2.73396  15.1378  3.35186 -1.07656 L4v-sm resonant  
  36.462  0.144    8.266   31.211   32.272   32.133   23.311   8.19  0.00  4   31.273   23.132   8.01 0.50 19.55025 -23.1336  3.64214 -0.68348 L4o-sm resonant  
  36.631  0.087    6.115   33.444   34.053  327.022   23.929   8.62  0.00  4   33.067   24.104   8.80 0.62  9.45410  16.7512  3.57887  1.08766 L5c-sm resonant  
  36.522  0.160    5.109   30.678   31.857  328.503   23.151   8.05  0.00  4   30.887   23.142   8.04 0.82 14.92533 -18.0956  3.50732  1.00054 L4k-sm resonant  
  36.515  0.228    2.739   28.190   29.515   25.676   23.313   8.54  0.00  4   28.547   23.423   8.65 0.65 16.46157 -22.5618  3.81640  0.53261 L5i-sm resonant  
  36.509  0.020    3.591   35.779   36.658  100.469   23.970   8.29  0.00  4   35.693   23.982   8.30 0.61  4.71343  23.2848  3.39855 -0.50778 L3w-sm resonant  
  36.690  0.127    2.105   32.030   32.087    7.929   23.658   8.54  0.00  4   31.130   23.556   8.44 0.64  9.01360  18.1257  3.64658  1.06669 L7a-sm resonant  
  36.508  0.118   23.651   32.200   33.737   44.832   23.126   7.85  0.00  4   32.737   23.112   7.84 0.85 23.95368   0.2728  3.31420 -1.79215 L3s-sm resonant  
  36.557  0.191    5.318   29.575   43.085  155.391   23.478   7.11  0.00  4   42.115   23.983   7.61 0.70  8.71773  17.7651  2.94321  0.74098 L7a-sm resonant  
  39.615  0.151   17.611   33.633   43.148  240.787   24.017   7.64  0.00  3   42.150   23.879   7.50 0.62 15.40269 -20.3152  2.80245  0.89772 L4k-sm resonant  
  39.347  0.195   20.770   31.674   33.364  328.267   22.990   7.71  0.00  4   32.380   23.166   7.89 0.85 13.49960  -9.0113  3.29589  1.61724 L4h-sm resonant  
  39.297  0.218   18.777   30.730   30.791  354.774   22.895   7.94  0.00  3   29.821   22.897   7.94 0.63 16.01280 -20.3359  3.60195  1.04312 L5j-sm resonant  
  39.534  0.227   19.671   30.560   32.397  330.590   24.644   9.47  0.00  1   31.420   24.110   8.94 0.00 16.11581 -19.7553  3.50853  0.95262 L5j-sm resonant  
  39.593  0.262   18.148   29.220   31.721  329.147   23.942   8.87  0.00  3   30.743   23.928   8.86 0.46 15.15800 -16.2135  3.67590  0.76310 L4j-sm resonant  
  39.257  0.183    2.949   32.073   33.845   34.207   23.493   8.19  0.00  4   32.869   23.777   8.47 0.76  5.04675  22.5973  3.69934 -0.32108 L3w-sm resonant  
  39.587  0.202   24.152   31.590   32.659  335.844   23.475   8.32  0.00  4   31.683   23.643   8.49 0.77  5.02769  22.6499  3.91127 -0.03052 L3w-sm resonant  
  39.258  0.186   24.961   31.956   33.662  326.846   23.616   8.33  0.00  4   32.680   23.996   8.71 0.76  2.47867  15.0126  3.46581 -1.53012 L4v-sm resonant  
  39.321  0.208   20.353   31.142   31.999   21.136   23.875   8.82  0.00  2   31.008   23.587   8.53 0.25 12.59922  -3.6838  3.69775  1.23605 L3f-sm resonant  
  39.265  0.179   36.553   32.237   33.947   34.114   24.346   8.95 -0.70  3   33.000   24.152   8.76 0.49 12.95967  -6.3251  3.09029  1.81984 L3h-sm resonant  
  39.405  0.268   17.847   28.844   34.040  313.743   23.977   8.68  0.00  4   33.051   24.059   8.76 0.66  2.78977  16.1292  3.65670 -0.87961 L4v-sm resonant  
  39.483  0.153   13.651   33.442   34.272  334.069   23.490   8.10  0.00  4   33.307   23.607   8.22 0.76  4.74733  23.3910  3.58212 -0.67039 L3w-sm resonant  
  39.526  0.187   22.693   32.135   35.375  313.044   23.844   8.28  0.00  3   34.438   23.890   8.33 0.66  4.26909  21.3700  3.44834 -0.31801 L3w-sm resonant  
  39.274  0.294    6.619   27.727   30.580   30.058   23.070   8.14  0.00  4   29.617   22.921   7.99 0.70 16.53410 -21.6989  3.65486  0.66996 L5i-sm resonant  
  39.608  0.169   21.496   32.914   33.691   23.334   23.910   8.56 -0.70  4   32.735   24.012   8.66 0.75 13.10807  -5.1567  3.14126  1.57959 L3h-sm resonant  
  39.403  0.200    8.599   31.522   31.545    3.291   23.606   8.54  0.00  3   30.586   23.570   8.50 0.55 16.57474 -23.5151  3.52847  0.61555 L5i-sm resonant  
  39.555  0.172    1.656   32.752   33.203  342.471   22.505   7.29  0.00  4   32.206   22.503   7.29 0.87 23.85213   0.8575  3.38883 -1.47926 L3s-sm resonant  
  39.649  0.248   26.242   29.816   30.227  347.488   22.567   7.69  0.00  4   29.255   22.496   7.62 0.70 16.02601 -20.4239  3.86538  0.30916 L5j-sm resonant  
  39.375  0.217    6.687   30.831   32.046   24.567   23.129   8.09  0.00  4   31.057   23.039   8.00 0.84  2.75459  16.2458  3.74568 -1.06345 L4v-sm resonant  
  39.264  0.266   16.618   28.820   46.600  123.798   24.374   7.67  0.00  3   45.617   24.230   7.53 0.43  2.50465  15.4644  2.65631 -1.01430 L4v-sm resonant  
  39.283  0.213   16.128   30.916   33.205   35.021   24.006   8.74  0.00  4   32.221   24.084   8.82 0.62 15.15500 -17.8720  3.52819  0.74729 L4k-sm resonant  
  39.379  0.217   22.288   30.834   31.900   22.888   23.818   8.77  0.00  4   30.922   23.726   8.68 0.67  5.07049  22.5215  3.98497 -0.03086 L3w-sm resonant  
  39.494  0.156   26.467   33.333   43.450  123.093   24.355   7.90 -0.70  4   42.496   24.141   7.69 0.48 13.04778  -6.9015  2.71555  0.88956 L3h-sm resonant  
  43.676  0.149    0.525   37.168   40.408   52.512   23.404   7.33  0.00  4   39.401   23.719   7.65 0.82 21.56860 -14.6551  2.91798 -0.98924 L4q-sm resonant  
  43.721  0.150    1.264   37.163   37.570  342.709   22.871   7.11  0.00  4   36.580   22.802   7.04 0.88 12.62174  -4.7978  3.04191  1.30460 L3f-sm resonant  
  43.558  0.044    5.484   41.641   41.802   22.544   23.450   7.20  0.00  4   40.807   23.828   7.58 0.77 15.32908 -19.6139  2.83556  0.82034 L4k-sm resonant  
  43.631  0.093    3.237   39.573   40.506   36.192   23.834   7.71  0.00  4   39.544   24.409   8.29 0.67  4.65541  22.8612  3.07189 -0.40204 L3w-sm resonant  
  43.538  0.143    3.236   37.312   39.428   42.585   23.683   7.71  0.00  4   38.428   23.896   7.92 0.67 22.10181 -10.5686  2.92152 -1.13804 L3q-sm resonant  
  53.197  0.345    8.167   34.844   42.053   36.905   24.295   8.01  0.00  3   41.069   24.458   8.17 0.46 15.14091 -18.2329  2.74732  0.86756 L4k-sm resonant  
  52.914  0.406    6.151   31.431   42.313  319.794   24.233   7.91  0.00  2   41.334   24.585   8.26 0.18 19.44805 -22.1853  2.80093 -0.36029 L4m-sm resonant  
  53.130  0.379    3.030   32.994   34.271   12.890   23.355   8.01  0.00  4   33.288   23.526   8.18 0.77  9.29969  16.7068  3.43332  1.13015 L5c-sm resonant  
  52.911  0.309    7.064   36.562   39.244  336.414   23.606   7.67  0.00  4   38.246   23.890   7.95 0.73 23.88021   0.7780  2.86373 -1.34194 L3s-sm resonant  
  47.943  0.362    5.598   30.588   32.660  341.544   24.012   8.80  0.00  2   31.701   23.925   8.71 0.38 15.41852 -17.3126  3.37683  0.81299 L4j-sm resonant  
  47.962  0.144   20.411   41.055   41.806  336.798   23.454   7.23  0.00  4   40.816   23.507   7.28 0.70 12.66184  -3.0114  2.71300  1.39125 L3f-sm resonant  
  47.783  0.125    4.357   41.810   41.867  353.119   24.114   7.82 -0.70  4   40.914   24.402   8.11 0.66 13.01663  -7.3535  2.58760  1.13980 L3h-sm resonant  
  47.751  0.278   14.166   34.476   38.780   35.739   24.636   8.71  0.00  2   37.788   24.576   8.65 0.07 15.27467 -19.9870  3.07103  0.68345 L4k-sm resonant  
  47.786  0.131    2.211   41.526   43.438   40.605   23.722   7.28 -0.70  3   42.480   23.696   7.25 0.80 13.14517  -5.5757  2.57049  1.01033 L3h-sm resonant  
  38.180  0.064   19.144   35.751   35.915   19.816   22.740   7.16  0.00  4   34.916   22.719   7.14 0.86 15.46616 -18.4164  3.28396  1.07070 L4k-sm h         
  38.206  0.055   23.179   36.097   36.123  350.971   23.539   7.87  0.00  4   35.190   23.502   7.83 0.67 22.37722  14.0905  3.23189 -1.23191 L5s-sm h         
  37.819  0.034    5.357   36.544   38.190  105.054   24.444   8.54 -0.70  1   37.241   24.349   8.45 0.38 12.97862  -6.4708  2.88179  1.14131 L3h-sm h         
  38.117  0.075    1.555   35.262   35.371  345.064   23.921   8.37  0.00  3   34.398   23.991   8.44 0.49 20.62122 -19.6757  3.21307 -0.82804 L4p-sm h         
  38.699  0.028    4.534   37.611   37.916  316.987   22.959   7.15  0.00  4   36.937   23.133   7.32 0.85  2.39051  14.5700  3.16897 -1.02849 L4v-sm h         
  37.890  0.029    5.087   36.776   37.237  307.082   23.881   8.16  0.00  3   36.253   23.840   8.12 0.69  2.57165  14.0976  3.26634 -0.99785 L4v-sm h         
  44.941  0.168    4.700   37.373   37.548  349.736   23.893   8.08  0.00  4   36.579   23.708   7.90 0.51 15.27066 -18.1984  3.01258  0.87250 L4j-sm h         
  46.738  0.093    2.248   42.391   43.631   40.634   24.145   7.67  0.00  3   42.708   24.216   7.74 0.50  4.07822  21.7091  2.69612 -0.52690 L3w-sm f         
  42.876  0.167   20.194   35.733   35.790    6.188   23.690   8.18  0.00  3   34.788   23.787   8.28 0.68  0.14547   0.2808  3.12446 -1.63963 L3s-sm h         
  44.883  0.031    4.594   43.496   44.267   62.163   24.125   7.67  0.00  4   43.278   24.211   7.76 0.60  2.79161  15.3825  2.80936 -0.82541 L4v-sm f         
  45.580  0.104    2.459   40.835   41.756   32.815   24.150   7.89 -0.80  4   40.777   24.805   8.54 0.85 22.04574 -12.8217  2.69993 -0.98635 presur f         
  43.925  0.053    3.214   41.602   44.081   90.872   24.291   7.82  0.00  1   43.076   24.597   8.13 0.16 18.93663 -23.1118  2.80605 -0.30391 L4m-sm c         
  44.055  0.071    5.391   40.923   41.366   28.901   24.269   8.08  0.00  2   40.367   24.152   7.96 0.31 21.34637 -15.7312  2.82748 -0.96298 L4q-sm c         
  44.677  0.119    1.992   39.374   40.043  334.284   23.799   7.69  0.00  3   39.121   23.936   7.83 0.63  7.63225  21.0061  2.93277  0.49922 L3y-sm f         
  43.637  0.072    3.426   40.512   40.796  337.173   24.665   8.51  0.00  1   39.841   24.708   8.55 0.03  4.53153  22.0458  3.02142 -0.42218 L3w-sm f         
  45.710  0.106    0.873   40.856   41.923   34.870   24.078   7.83  0.00  3   40.948   24.171   7.92 0.56  8.99447  17.0268  2.91371  0.86230 L5c-sm f         
  43.923  0.074    3.628   40.677   40.687  355.054   23.862   7.71  0.00  3   39.705   23.977   7.83 0.53 20.78178 -19.7604  2.86715 -0.72300 L4p-sm f         
  45.293  0.116    0.811   40.026   41.867  315.642   24.421   8.12 -0.70  3   40.923   24.418   8.12 0.41 12.94653  -5.7099  2.59045  1.08335 L3h-sm f         
  43.073  0.157   13.904   36.319   41.583  291.481   24.137   7.94  0.00  4   40.599   24.208   8.01 0.59  2.58455  14.9981  2.90660 -1.09031 L4v-sm h         
  42.849  0.050    3.200   40.728   41.927  298.260   23.967   7.72  0.00  4   40.952   23.985   7.74 0.41  8.61426  18.6373  2.96367  0.80319 L7a-sm f         
  45.236  0.048    3.950   43.064   47.122  210.807   24.470   7.71  0.00  2   46.125   24.372   7.61 0.07 21.31775 -16.8711  2.53003 -0.82599 L4q-sm f         
  44.968  0.049    2.587   42.760   42.893  340.781   24.308   8.00  0.00  3   41.904   24.228   7.92 0.49  2.80734  16.6691  2.88061 -0.86579 L4v-sm f         
  42.698  0.029    0.780   41.455   41.574  335.543   24.290   8.03 -0.70  4   40.613   24.635   8.38 0.54 13.14178  -6.4559  2.68495  1.08633 L3h-sm f         
  45.208  0.089    1.925   41.180   41.523   21.735   24.037   7.82  0.00  3   40.526   23.824   7.61 0.61 15.39430 -19.1564  2.87336  0.73059 L4k-sm f         
  43.792  0.081    5.941   40.245   41.757   51.161   23.417   7.14 -0.70  4   40.796   23.524   7.25 0.85 13.14115  -6.4509  2.69382  1.02911 L3h-sm f         
  43.704  0.058    1.050   41.191   45.601  136.950   24.336   7.69 -0.80  3   44.622   24.237   7.59 0.80 22.05239 -12.8224  2.50542 -0.94632 presur f         
  43.873  0.091    2.315   39.863   39.989   13.329   23.676   7.62  0.00  4   38.996   23.542   7.49 0.67 22.02865 -14.3120  2.88960 -1.02635 L3q-sm f         
  43.400  0.039    4.386   41.690   41.731  347.677   24.029   7.80  0.00  2   40.757   23.977   7.75 0.33  8.62901  17.7762  2.96640  0.81225 L7a-sm f         
  45.116  0.052    2.853   42.775   47.373  163.736   24.067   7.25 -0.70  4   46.405   24.083   7.27 0.69 13.19848  -8.5631  2.41787  0.97872 L3h-sm f         
  44.209  0.106    5.043   39.509   41.477  310.545   24.418   8.26  0.00  2   40.491   24.021   7.86 0.29  9.46316  16.0449  2.94595  1.02245 L5c-sm f         
  41.880  0.054   33.227   39.636   39.751  342.383   23.783   7.77  0.00  4   38.778   23.788   7.77 0.57  8.64644  17.7371  3.11780  1.16272 L7a-sm h         
  43.926  0.068   15.634   40.944   43.725  277.696   24.240   7.85  0.00  4   42.736   24.473   8.08 0.54  2.81752  15.8018  2.81140 -1.01192 L4v-sm h         
  43.069  0.073    1.524   39.912   42.652  281.794   24.394   8.06  0.00  2   41.660   24.170   7.84 0.04 13.68204  -8.8537  2.74488  1.04760 L4h-sm f         
  43.391  0.077    0.964   40.041   43.123  279.013   24.064   7.64  0.00  4   42.205   24.029   7.60 0.56  4.02040  21.6391  2.71613 -0.56957 L3w-sm f         
  42.902  0.158   29.988   36.140   37.103  333.660   24.204   8.45  0.00  2   36.123   24.656   8.90 0.19 19.44220 -22.5680  3.27125 -0.13642 L4m-sm h         
  45.829  0.213   16.839   36.068   47.215   86.073   22.143   5.35  0.00  4   46.237   22.096   5.30 0.90 15.04183 -17.5442  2.48309  0.85880 L4k-sm h         
  45.008  0.102    1.262   40.417   40.854   22.644   24.778   8.65  0.00  2   39.874   24.424   8.30 0.04  9.18082  16.9071  2.99008  0.92865 L5c-sm f         
  44.107  0.065    3.668   41.227   41.224    1.971   23.978   7.82  0.00  3   40.217   23.876   7.72 0.62 21.59540 -15.2646  2.87771 -0.93217 L4q-sm c         
  43.091  0.025    4.096   42.031   44.135  169.577   24.434   7.94  0.00  1   43.144   24.539   8.05 0.30 15.24032 -20.0650  2.69527  0.79234 L4k-sm f         
  42.734  0.119    2.409   37.636   38.886  323.426   24.153   8.22  0.00  1   37.894   23.953   8.02 0.31 21.97524 -13.8798  2.96402 -1.03951 L3q-sm h         
  43.432  0.039    3.125   41.746   43.597   93.302   23.863   7.46  0.00  4   42.614   23.660   7.26 0.65  9.24203  16.3243  2.83509  0.91484 L5c-sm f         
  46.378  0.147    2.507   39.551   39.552   -1.611   24.346   8.32 -0.80  3   38.567   24.924   8.90 0.80 21.97127 -13.6428  2.84263 -1.03033 presur f         
  46.494  0.034    3.266   44.904   45.249   37.157   23.599   6.99  0.00  4   44.272   23.593   6.98 0.74 15.00602 -18.7598  2.57642  0.75306 L4k-sm f         
  45.611  0.163    9.647   38.172   38.395   11.715   24.005   8.11  0.00  4   37.422   24.210   8.31 0.46 13.33561  -7.8981  2.94972  1.05569 L4h-sm h         
  43.755  0.086    4.155   40.005   42.964  287.020   23.098   6.76  0.00  4   41.983   23.272   6.93 0.80  9.21885  17.5824  2.86776  0.92162 L5c-sm f         
  44.173  0.032    2.918   42.773   43.630  294.564   24.149   7.71  0.00  4   42.665   24.205   7.77 0.50  4.74401  23.2628  2.90030 -0.36166 L3w-sm f         
  44.426  0.151   19.710   37.696   39.708   39.339   24.094   8.07  0.00  1   38.719   24.017   7.99 0.16 22.60325   3.3506  2.87672 -1.36859 L5r-sm h         
  46.817  0.166    1.324   39.050   39.951  336.585   24.179   8.10  0.00  4   39.010   24.091   8.01 0.47  4.32595  21.8707  2.99169 -0.50693 L3w-sm f         
  43.112  0.075    4.092   39.875   44.628  114.097   23.982   7.42 -0.70  3   43.669   24.182   7.62 0.73 13.17252  -5.0805  2.54932  0.97304 L3h-sm f         
  44.055  0.044    2.009   42.121   44.200  268.086   24.084   7.61  0.00  2   43.201   24.466   7.99 0.40 22.05905  -9.7289  2.65468 -1.00613 L3q-sm c         
  45.316  0.070    3.384   42.135   42.438   23.442   23.624   7.28  0.00  4   41.474   24.142   7.80 0.66 15.34523 -17.9490  2.70720  0.75618 L4j-sm f         
  45.355  0.178   11.509   37.286   37.559  347.691   23.625   7.81 -0.70  4   36.600   23.518   7.70 0.82 13.11705  -6.6573  2.85714  1.32134 L3h-sm h         
  46.112  0.127    1.266   40.279   49.971  126.007   23.637   6.62  0.00  4   49.003   23.791   6.77 0.64  8.80525  19.1569  2.50985  0.70589 L7a-sm h         
  46.578  0.098    1.935   42.032   48.430  108.924   23.748   6.85  0.00  3   47.449   24.343   7.44 0.70 15.09640 -17.7254  2.44640  0.71610 L4k-sm f         
  43.920  0.069    2.915   40.889   40.971  347.244   24.488   8.34  0.00  1   39.971   24.064   7.92 0.03 22.16101 -12.9220  2.83061 -1.08031 L3q-sm c         
  44.566  0.110    1.292   39.686   42.146   54.860   24.591   8.29 -0.80  3   41.164   24.543   8.24 0.67 22.01928 -13.5093  2.68410 -1.01188 presur f         
  45.315  0.088    3.806   41.337   41.371  353.533   24.101   7.86  0.00  1   40.437   23.978   7.74 0.38  7.50616  23.4578  2.89294  0.51695 L3y-sm f         
  44.385  0.154   15.934   37.537   38.959  327.764   24.309   8.39  0.00  4   37.976   24.541   8.62 0.49  2.49246  15.4684  3.03575 -1.20850 L4v-sm h         
  43.002  0.026    1.769   41.896   42.436   57.801   23.799   7.48  0.00  4   41.453   24.191   7.87 0.63 13.51248  -8.2221  2.71746  1.07062 L4h-sm f         
  45.524  0.094    4.040   41.240   42.517   41.540   23.765   7.45  0.00  4   41.526   24.006   7.69 0.65 13.68297  -9.0291  2.75457  1.00865 L4h-sm f         
  43.802  0.090    1.364   39.869   42.815  289.479   24.208   7.87  0.00  1   41.808   24.657   8.32 0.19 18.89529 -22.7827  2.88473 -0.27998 L4m-sm f         
  44.358  0.048    2.244   42.228   46.486  177.630   23.645   6.91 -0.70  4   45.526   23.618   6.88 0.82 13.08425  -8.3513  2.41527  1.03731 L3h-sm f         
  44.053  0.053    3.720   41.696   43.540   74.519   25.115   8.67 -0.80  1   42.562   25.197   8.75 0.12 22.07315 -13.5016  2.58845 -1.02086 presur c         
  43.361  0.083    0.564   39.770   44.755  251.554   24.337   7.80  0.00  1   43.763   24.047   7.51 0.07 13.66886 -10.0535  2.63493  1.01077 L4h-sm f         
  43.148  0.020    3.352   42.298   42.968   76.407   23.195   6.86  0.00  4   41.984   23.290   6.96 0.79  9.31854  16.3594  2.87111  0.94471 L5c-sm f         
  43.688  0.033    1.983   42.259   42.690  315.486   25.715   9.35 -0.80  1   41.715   25.365   9.00 0.00 22.09129 -12.2269  2.63104 -1.00794 presur f         
  46.714  0.043    1.378   44.696   44.780  343.787   23.684   7.12  0.00  4   43.800   23.724   7.16 0.63 20.72117 -19.0330  2.61089 -0.70011 L4p-sm f         
  44.360  0.042    2.101   42.492   42.880   36.067   24.357   8.01  0.00  2   41.880   24.359   8.01 0.40 15.45555 -19.7559  2.81335  0.70314 L4k-sm c         
  45.522  0.126    3.566   39.809   45.154  280.877   23.941   7.33 -0.70  4   44.189   24.389   7.78 0.74 13.13986  -8.4385  2.48372  1.07157 L3h-sm f         
  44.002  0.067    0.656   41.072   41.494  330.745   23.894   7.67  0.00  2   40.503   24.237   8.01 0.30 19.24713 -22.4743  2.88981 -0.38046 L4m-sm f         
  46.328  0.056    1.527   43.748   45.727   73.493   24.598   7.94 -0.80  3   44.750   24.729   8.07 0.66 22.07350 -13.1561  2.47979 -0.94935 presur f         
  43.322  0.018    1.550   42.525   42.586   21.926   23.777   7.46  0.00  1   41.601   23.888   7.57 0.37 12.78881  -3.3845  2.72159  1.17136 L3f-sm f         
  44.081  0.067    1.487   41.127   41.143  354.556   23.778   7.59  0.00  4   40.152   24.024   7.84 0.69 15.25972 -19.2462  2.86256  0.80095 L4k-sm c         
  42.407  0.039    2.762   40.749   40.824   16.994   24.562   8.40 -0.80  3   39.843   24.345   8.18 0.69 22.02149 -13.2350  2.75770 -1.06153 presur f         
  44.016  0.042    1.362   42.171   44.941  242.028   24.032   7.49  0.00  4   43.965   24.194   7.65 0.58  5.01035  23.0669  2.87380 -0.28560 L3w-sm c         
  40.657  0.108   13.618   36.262   42.042  257.463   23.520   7.28  0.00  4   41.044   23.550   7.31 0.77 23.89072   0.3876  2.74318 -1.33531 L3s-sm h         
  44.282  0.077    6.277   40.890   41.022  344.983   23.078   6.90  0.00  4   40.031   23.077   6.90 0.57 19.24186 -22.7288  2.91295 -0.44455 L4m-sm c         
  43.555  0.110    0.372   38.756   40.034   38.454   22.741   6.65  0.00  4   39.092   22.840   6.75 0.85  7.38239  21.9361  3.03075  0.43227 L3y-sm h         
  45.316  0.145    0.638   38.759   39.349  338.884   23.909   7.91  0.00  4   38.370   23.764   7.77 0.46 23.44613  -2.8968  2.83391 -1.22634 L3s-sm f         
  42.550  0.023    0.763   41.571   41.585  349.867   23.103   6.88  0.00  4   40.620   23.178   6.95 0.80  8.84069  17.7630  2.93910  0.83062 L7a-sm f         
  43.834  0.098    2.606   39.534   39.535  358.034   23.055   7.05  0.00  4   38.568   23.056   7.05 0.81  8.54986  20.1110  3.08013  0.82598 L7a-sm f         
  40.336  0.040   18.915   38.735   39.844   69.849   23.263   7.19  0.00  4   38.874   23.361   7.29 0.52 16.01823 -20.3344  2.99093  0.39585 L5j-sm h         
  46.900  0.052    1.539   44.442   45.002   37.648   24.902   8.32 -0.80  1   44.019   24.725   8.14 0.34 22.00880 -13.8558  2.53031 -0.95451 presur f         
  42.983  0.033    3.755   41.560   42.935   86.060   24.865   8.52  0.00  1   41.957   24.646   8.30 0.02  9.08813  16.2852  2.88881  0.83416 L5c-sm f         
  45.674  0.137    1.860   39.421   39.417   -0.185   23.974   8.00  0.00  3   38.418   24.018   8.04 0.51 22.14885 -13.3911  2.92077 -1.08466 L3q-sm f         
  44.820  0.048    1.124   42.691   46.867  196.424   24.852   8.09 -0.80  1   45.885   24.772   8.01 0.40 21.98529 -12.2488  2.46478 -0.89154 presur f         
  43.502  0.164   35.313   36.363   38.675   40.523   23.118   7.20  0.00  4   37.683   23.574   7.66 0.83 15.30194 -18.3348  3.25179  0.47520 L4k-sm h         
  44.144  0.024    4.861   43.102   43.623  300.877   24.387   7.98  0.00  1   42.618   24.490   8.08 0.14 21.52231 -15.9009  2.71658 -0.94478 L4q-sm f         
  43.252  0.027    1.448   42.080   44.054  228.077   24.357   7.87  0.00  2   43.099   24.260   7.77 0.27  4.56077  21.3948  2.83447 -0.42320 L3w-sm f         
  44.098  0.070    6.022   41.028   44.573   95.028   24.690   8.15 -0.80  3   43.590   25.034   8.49 0.58 21.99056 -13.1684  2.55570 -1.00447 presur c         
  42.426  0.027    1.877   41.280   43.559  189.590   23.501   7.06  0.00  2   42.577   23.406   6.96 0.39 16.20294 -19.4941  2.75170  0.47077 L5j-sm f         
  43.885  0.050    4.773   41.686   43.056   65.284   24.942   8.55 -0.80  1   42.076   24.757   8.36 0.29 22.01945 -12.5025  2.62526 -1.01982 presur c         
  43.197  0.041    1.249   41.434   41.525   17.979   24.588   8.36 -0.80  3   40.538   24.753   8.52 0.67 21.92152 -12.6667  2.74679 -1.00754 presur f         
  42.506  0.020    2.253   41.643   41.644    6.098   23.629   7.40  0.00  4   40.654   23.494   7.26 0.68 21.93588 -14.3173  2.78063 -1.00340 L3q-sm f         
  43.576  0.047    3.823   41.515   43.798   93.594   24.056   7.63  0.00  4   42.793   24.297   7.87 0.57 21.50334 -15.4286  2.71245 -0.93386 L4q-sm f         
  42.541  0.016    2.675   41.864   43.050  138.627   25.085   8.69 -0.80  1   42.067   24.984   8.59 0.14 21.97764 -12.3188  2.65012 -0.99447 presur f         
  43.149  0.052    1.140   40.901   42.660   74.596   25.202   8.84 -0.80  1   41.686   25.143   8.78 0.06 22.11455 -12.3223  2.63252 -1.00586 presur f         
  44.935  0.015    0.554   44.274   45.309  236.459   23.346   6.73  0.00  4   44.333   23.483   6.87 0.79 13.36563  -8.4002  2.53114  1.01813 L4h-sm f         
  43.992  0.087    1.111   40.147   40.151    1.413   24.518   8.45  0.00  2   39.179   24.506   8.44 0.19  8.98246  18.2522  3.03089  0.87594 L5c-sm f         
  42.747  0.034    1.001   41.298   42.509  281.476   22.833   6.51  0.00  4   41.540   22.967   6.65 0.86  4.81128  22.4780  2.98473 -0.35730 L3w-sm f         
  44.352  0.072    0.610   41.145   41.296  343.688   24.485   8.25  0.00  2   40.367   24.065   7.83 0.13  4.15596  21.3469  2.86079 -0.53964 L3w-sm c         
  43.291  0.142   27.616   37.157   37.163  358.159   24.057   8.33  0.00  4   36.192   24.030   8.30 0.56  4.85633  22.8993  3.46676 -0.08044 L3w-sm h         
  42.542  0.033    3.528   41.139   43.062  110.105   24.211   7.87  0.00  4   42.076   24.384   8.04 0.56  2.65835  14.9854  2.86759 -0.88192 L4v-sm f         
  42.668  0.086    1.965   38.994   39.185  343.082   24.356   8.35 -0.70  4   38.233   24.517   8.51 0.48 12.97431  -8.2490  2.75943  1.20270 L3h-sm h         
  44.328  0.058    1.437   41.743   46.477  144.554   23.848   7.19  0.00  4   45.476   24.137   7.48 0.53  0.09480   0.2563  2.55138 -1.09226 L3s-sm c         
  45.205  0.096    3.561   40.883   40.901    4.327   24.741   8.60  0.00  2   39.926   24.624   8.48 0.05  9.04892  18.8984  2.97465  0.89809 L5c-sm f         
  43.822  0.059    1.084   41.219   45.126  242.817   23.851   7.27  0.00  4   44.160   23.590   7.01 0.52  8.82654  18.8095  2.74302  0.77216 L7a-sm f         
  42.982  0.055    0.286   40.601   44.721  134.786   23.693   7.15  0.00  4   43.757   23.636   7.09 0.62  8.87424  17.5206  2.75564  0.78052 L7a-sm f         
  43.593  0.022    0.674   42.638   43.489  277.253   24.174   7.75  0.00  3   42.496   24.081   7.66 0.45 21.19335 -16.2015  2.71341 -0.83180 L4q-sm f         
  43.548  0.022    3.866   42.590   44.285  220.606   24.370   7.84 -0.70  4   43.328   24.651   8.12 0.46 13.11658  -5.5122  2.54737  0.98735 L3h-sm f         
  44.377  0.064    1.716   41.524   41.631   14.962   23.903   7.70  0.00  4   40.645   23.818   7.62 0.68  2.61287  16.4760  2.91712 -0.96773 L4v-sm c         
  43.467  0.032    0.913   42.097   44.745  201.235   24.554   7.99 -0.80  3   43.764   24.463   7.90 0.69 22.01874 -12.8393  2.55560 -0.95685 presur f         
  43.971  0.071    1.634   40.836   42.240  306.939   24.409   8.12  0.00  1   41.240   24.304   8.02 0.33 15.45078 -19.3480  2.85046  0.71349 L4k-sm f         
  43.340  0.207   20.265   34.373   38.846  310.317   23.593   7.62  0.00  2   37.894   23.507   7.53 0.38 18.82451 -24.5045  2.95533 -0.44019 L4o-sm h         
  43.683  0.092    4.790   39.678   41.784   57.113   24.332   8.07 -0.80  3   40.803   24.806   8.54 0.80 22.02694 -13.3151  2.69200 -1.06079 presur f         
  43.181  0.026    2.444   42.067   42.588   56.389   24.845   8.56  0.00  1   41.603   24.486   8.20 0.02  9.40190  16.7037  2.89421  0.95748 L5c-sm f         
  43.044  0.050    0.938   40.887   42.950   84.711   24.000   7.60  0.00  2   41.980   24.037   7.64 0.26 19.58284 -22.3468  2.72381 -0.46109 L4m-sm f         
  42.488  0.049    0.850   40.406   40.588   22.872   23.809   7.67  0.00  4   39.609   23.708   7.57 0.43 16.29633 -20.9710  2.92273  0.50761 L5i-sm f         
  45.517  0.109    1.975   40.560   42.935   53.335   23.444   7.08  0.00  4   41.942   23.771   7.41 0.74 21.95739 -12.7800  2.69744 -0.99874 L3q-sm f         
  43.915  0.023    1.516   42.905   43.116  322.785   25.087   8.69 -0.80  1   42.133   24.990   8.59 0.14 21.99331 -13.4015  2.64618 -0.97530 presur f         
  42.650  0.048    0.572   40.599   40.659  346.469   24.501   8.36 -0.80  3   39.672   24.722   8.58 0.73 21.92894 -12.6751  2.79882 -1.02138 presur f         
  43.810  0.035    1.338   42.259   42.497   31.283   24.249   7.90 -0.80  3   41.522   24.305   7.96 0.83 22.10282 -12.7410  2.64630 -0.99599 presur c         
  44.152  0.075    2.721   40.818   47.170  153.174   23.883   7.08  0.00  1   46.202   24.274   7.47 0.31 19.61311 -22.1971  2.50253 -0.44533 L4m-sm f         
  46.334  0.046    2.696   44.184   46.454  269.366   24.796   8.07 -0.80  3   45.480   25.260   8.53 0.47 22.11135 -12.7671  2.43204 -0.94845 presur f         
  45.040  0.049    2.719   42.829   43.776   52.920   24.880   8.42 -0.80  1   42.788   24.990   8.53 0.37 21.91774 -13.8834  2.61635 -0.98652 presur f         
  42.505  0.045    0.932   40.571   44.130  214.338   23.711   7.24  0.00  4   43.142   23.597   7.13 0.45 12.70863  -3.5971  2.65846  1.13510 L3f-sm f         
  46.041  0.053    3.442   43.601   46.852  106.603   24.356   7.59 -0.80  3   45.876   25.026   8.26 0.79 22.10961 -13.7673  2.41632 -0.95933 presur f         
  42.538  0.033    4.632   41.118   41.190   18.137   24.542   8.33 -0.80  3   40.214   24.989   8.78 0.70 22.11620 -13.8936  2.70271 -1.09497 presur f         
  43.055  0.045    4.952   41.126   41.800  312.649   24.722   8.49  0.00  2   40.825   24.516   8.28 0.05  9.05971  18.4667  2.93012  0.90729 L5c-sm f         
  44.145  0.137    8.220   38.106   38.801   24.072   21.943   6.03  0.00  4   37.805   21.910   6.00 0.90 13.76930  -9.7567  2.95621  1.21603 L4h-sm h         
  43.251  0.171   29.922   35.846   35.934  352.553   23.649   8.06  0.00  4   34.936   23.391   7.80 0.46 19.37761 -22.2155  3.33962 -0.85603 L4n-sm h         
  42.558  0.026    2.209   41.460   42.338   76.892   23.563   7.27  0.00  4   41.346   23.857   7.56 0.73 13.65269  -9.8734  2.76731  1.04517 L4h-sm f         
  45.399  0.141    1.250   38.989   39.592   21.607   23.808   7.77  0.00  4   38.613   23.903   7.87 0.69 15.04674 -18.5215  2.89096  0.86133 L4k-sm f         
  43.856  0.043    1.494   41.953   43.086  296.053   24.781   8.39 -0.80  3   42.098   24.591   8.20 0.49 21.89301 -12.9001  2.67622 -0.94984 presur f         
  43.534  0.043    1.873   41.649   44.222  250.851   24.215   7.71  0.00  2   43.263   24.352   7.85 0.12  8.97883  19.1223  2.75261  0.82860 L7a-sm f         
  44.758  0.106    3.543   40.022   41.258  321.685   24.239   8.01  0.00  2   40.292   24.747   8.52 0.18 19.62872 -22.0887  2.78746 -0.51255 L4m-sm f         
  42.607  0.029    1.575   41.376   42.958  254.859   24.503   8.11 -0.80  3   41.984   24.362   7.97 0.72 22.11786 -13.1135  2.62430 -0.99983 presur f         
  43.877  0.211   24.132   34.632   35.958   24.867   23.243   7.64  0.00  4   34.974   23.064   7.46 0.71 22.61677   4.8821  3.12179 -1.56466 L5r-sm h         
  43.840  0.059    3.886   41.231   43.181   72.166   23.957   7.60  0.00  4   42.172   24.123   7.77 0.64 21.65197 -15.1907  2.77119 -0.90899 L4q-sm f         
  46.126  0.042    1.105   44.193   47.160  239.571   24.988   8.19 -0.80  1   46.183   24.904   8.11 0.24 22.08357 -12.7656  2.41847 -0.90891 presur f         
  44.660  0.111    2.180   39.712   43.232  292.808   23.517   7.15  0.00  4   42.225   23.532   7.17 0.80 21.59375 -15.0539  2.75891 -0.91144 L4q-sm f         
  44.236  0.058    2.194   41.679   43.232   63.758   24.707   8.32  0.00  2   42.258   24.777   8.39 0.06  8.98680  18.0524  2.85354  0.80469 L5c-sm f         
  42.422  0.036    2.325   40.904   43.308  123.889   24.064   7.63  0.00  2   42.341   23.961   7.53 0.14 16.45826 -23.2672  2.73931  0.38877 L5i-sm f         
  45.156  0.059    0.890   42.470   47.459  212.647   23.699   6.94  0.00  4   46.471   23.441   6.68 0.74  2.73297  15.1396  2.62823 -0.81929 L4v-sm f         
#
# Total number of objects:       106074.
# Number of detections:          207
# Number of tracked objects:     107
