#   a      e        i        q        r        M      m_rand H_rand color Comments
#
  42.481  0.342    0.092   27.952   28.113  354.349   23.650   9.13  0.00 resonant  
  42.287  0.118    1.413   37.297   37.338    6.387   24.073   8.31  0.00 resonant  
  42.413  0.161    5.858   35.585   43.518   90.241   22.846   6.44  0.00 resonant  
  42.146  0.056    2.367   39.786   40.137   30.051   23.976   7.91  0.00 resonant  
  42.364  0.073    5.426   39.271   44.328  126.273   24.324   7.81 -0.80 resonant  
  42.422  0.258   28.101   31.477   39.330   59.397   24.139   8.17  0.00 resonant  
  55.350  0.418    0.850   32.214   33.927   13.140   23.750   8.37 -0.70 resonant  
  55.374  0.329   11.966   37.156   41.830   29.361   24.022   7.77  0.00 resonant  
  55.315  0.301    2.981   38.665   38.718    3.151   23.491   7.59  0.00 resonant  
  36.399  0.126    3.875   31.813   38.789  115.278   23.974   8.05  0.00 resonant  
  36.417  0.093    7.310   33.030   35.025  299.168   23.266   7.78  0.00 resonant  
  36.462  0.144    8.266   31.211   32.272   32.133   23.311   8.19  0.00 resonant  
  36.631  0.087    6.115   33.444   34.053  327.022   23.929   8.62  0.00 resonant  
  36.522  0.160    5.109   30.678   31.857  328.503   23.151   8.05  0.00 resonant  
  36.515  0.228    2.739   28.190   29.515   25.676   23.313   8.54  0.00 resonant  
  36.509  0.020    3.591   35.779   36.658  100.469   23.970   8.29  0.00 resonant  
  36.690  0.127    2.105   32.030   32.087    7.929   23.658   8.54  0.00 resonant  
  36.508  0.118   23.651   32.200   33.737   44.832   23.126   7.85  0.00 resonant  
  36.557  0.191    5.318   29.575   43.085  155.391   23.478   7.11  0.00 resonant  
  39.347  0.195   20.770   31.674   33.364  328.267   22.990   7.71  0.00 resonant  
  39.257  0.183    2.949   32.073   33.845   34.207   23.493   8.19  0.00 resonant  
  39.587  0.202   24.152   31.590   32.659  335.844   23.475   8.32  0.00 resonant  
  39.258  0.186   24.961   31.956   33.662  326.846   23.616   8.33  0.00 resonant  
  39.405  0.268   17.847   28.844   34.040  313.743   23.977   8.68  0.00 resonant  
  39.483  0.153   13.651   33.442   34.272  334.069   23.490   8.10  0.00 resonant  
  39.274  0.294    6.619   27.727   30.580   30.058   23.070   8.14  0.00 resonant  
  39.608  0.169   21.496   32.914   33.691   23.334   23.910   8.56 -0.70 resonant  
  39.555  0.172    1.656   32.752   33.203  342.471   22.505   7.29  0.00 resonant  
  39.649  0.248   26.242   29.816   30.227  347.488   22.567   7.69  0.00 resonant  
  39.375  0.217    6.687   30.831   32.046   24.567   23.129   8.09  0.00 resonant  
  39.283  0.213   16.128   30.916   33.205   35.021   24.006   8.74  0.00 resonant  
  39.379  0.217   22.288   30.834   31.900   22.888   23.818   8.77  0.00 resonant  
  39.494  0.156   26.467   33.333   43.450  123.093   24.355   7.90 -0.70 resonant  
  43.676  0.149    0.525   37.168   40.408   52.512   23.404   7.33  0.00 resonant  
  43.721  0.150    1.264   37.163   37.570  342.709   22.871   7.11  0.00 resonant  
  43.558  0.044    5.484   41.641   41.802   22.544   23.450   7.20  0.00 resonant  
  43.631  0.093    3.237   39.573   40.506   36.192   23.834   7.71  0.00 resonant  
  43.538  0.143    3.236   37.312   39.428   42.585   23.683   7.71  0.00 resonant  
  53.130  0.379    3.030   32.994   34.271   12.890   23.355   8.01  0.00 resonant  
  52.911  0.309    7.064   36.562   39.244  336.414   23.606   7.67  0.00 resonant  
  47.962  0.144   20.411   41.055   41.806  336.798   23.454   7.23  0.00 resonant  
  47.783  0.125    4.357   41.810   41.867  353.119   24.114   7.82 -0.70 resonant  
  38.180  0.064   19.144   35.751   35.915   19.816   22.740   7.16  0.00 h         
  38.206  0.055   23.179   36.097   36.123  350.971   23.539   7.87  0.00 h         
  38.699  0.028    4.534   37.611   37.916  316.987   22.959   7.15  0.00 h         
  44.941  0.168    4.700   37.373   37.548  349.736   23.893   8.08  0.00 h         
  44.883  0.031    4.594   43.496   44.267   62.163   24.125   7.67  0.00 f         
  45.580  0.104    2.459   40.835   41.756   32.815   24.150   7.89 -0.80 f         
  43.073  0.157   13.904   36.319   41.583  291.481   24.137   7.94  0.00 h         
  42.849  0.050    3.200   40.728   41.927  298.260   23.967   7.72  0.00 f         
  42.698  0.029    0.780   41.455   41.574  335.543   24.290   8.03 -0.70 f         
  43.792  0.081    5.941   40.245   41.757   51.161   23.417   7.14 -0.70 f         
  43.873  0.091    2.315   39.863   39.989   13.329   23.676   7.62  0.00 f         
  45.116  0.052    2.853   42.775   47.373  163.736   24.067   7.25 -0.70 f         
  41.880  0.054   33.227   39.636   39.751  342.383   23.783   7.77  0.00 h         
  43.926  0.068   15.634   40.944   43.725  277.696   24.240   7.85  0.00 h         
  43.391  0.077    0.964   40.041   43.123  279.013   24.064   7.64  0.00 f         
  45.829  0.213   16.839   36.068   47.215   86.073   22.143   5.35  0.00 h         
  43.432  0.039    3.125   41.746   43.597   93.302   23.863   7.46  0.00 f         
  46.494  0.034    3.266   44.904   45.249   37.157   23.599   6.99  0.00 f         
  45.611  0.163    9.647   38.172   38.395   11.715   24.005   8.11  0.00 h         
  43.755  0.086    4.155   40.005   42.964  287.020   23.098   6.76  0.00 f         
  44.173  0.032    2.918   42.773   43.630  294.564   24.149   7.71  0.00 f         
  46.817  0.166    1.324   39.050   39.951  336.585   24.179   8.10  0.00 f         
  45.316  0.070    3.384   42.135   42.438   23.442   23.624   7.28  0.00 f         
  45.355  0.178   11.509   37.286   37.559  347.691   23.625   7.81 -0.70 h         
  46.112  0.127    1.266   40.279   49.971  126.007   23.637   6.62  0.00 h         
  44.385  0.154   15.934   37.537   38.959  327.764   24.309   8.39  0.00 h         
  43.002  0.026    1.769   41.896   42.436   57.801   23.799   7.48  0.00 f         
  45.524  0.094    4.040   41.240   42.517   41.540   23.765   7.45  0.00 f         
  44.358  0.048    2.244   42.228   46.486  177.630   23.645   6.91 -0.70 f         
  43.148  0.020    3.352   42.298   42.968   76.407   23.195   6.86  0.00 f         
  46.714  0.043    1.378   44.696   44.780  343.787   23.684   7.12  0.00 f         
  45.522  0.126    3.566   39.809   45.154  280.877   23.941   7.33 -0.70 f         
  44.081  0.067    1.487   41.127   41.143  354.556   23.778   7.59  0.00 c         
  44.016  0.042    1.362   42.171   44.941  242.028   24.032   7.49  0.00 c         
  40.657  0.108   13.618   36.262   42.042  257.463   23.520   7.28  0.00 h         
  44.282  0.077    6.277   40.890   41.022  344.983   23.078   6.90  0.00 c         
  43.555  0.110    0.372   38.756   40.034   38.454   22.741   6.65  0.00 h         
  45.316  0.145    0.638   38.759   39.349  338.884   23.909   7.91  0.00 f         
  42.550  0.023    0.763   41.571   41.585  349.867   23.103   6.88  0.00 f         
  43.834  0.098    2.606   39.534   39.535  358.034   23.055   7.05  0.00 f         
  40.336  0.040   18.915   38.735   39.844   69.849   23.263   7.19  0.00 h         
  43.502  0.164   35.313   36.363   38.675   40.523   23.118   7.20  0.00 h         
  42.506  0.020    2.253   41.643   41.644    6.098   23.629   7.40  0.00 f         
  43.576  0.047    3.823   41.515   43.798   93.594   24.056   7.63  0.00 f         
  44.935  0.015    0.554   44.274   45.309  236.459   23.346   6.73  0.00 f         
  42.747  0.034    1.001   41.298   42.509  281.476   22.833   6.51  0.00 f         
  43.291  0.142   27.616   37.157   37.163  358.159   24.057   8.33  0.00 h         
  42.542  0.033    3.528   41.139   43.062  110.105   24.211   7.87  0.00 f         
  42.668  0.086    1.965   38.994   39.185  343.082   24.356   8.35 -0.70 h         
  44.328  0.058    1.437   41.743   46.477  144.554   23.848   7.19  0.00 c         
  43.822  0.059    1.084   41.219   45.126  242.817   23.851   7.27  0.00 f         
  42.982  0.055    0.286   40.601   44.721  134.786   23.693   7.15  0.00 f         
  43.548  0.022    3.866   42.590   44.285  220.606   24.370   7.84 -0.70 f         
  44.377  0.064    1.716   41.524   41.631   14.962   23.903   7.70  0.00 c         
  42.488  0.049    0.850   40.406   40.588   22.872   23.809   7.67  0.00 f         
  45.517  0.109    1.975   40.560   42.935   53.335   23.444   7.08  0.00 f         
  42.505  0.045    0.932   40.571   44.130  214.338   23.711   7.24  0.00 f         
  44.145  0.137    8.220   38.106   38.801   24.072   21.943   6.03  0.00 h         
  43.251  0.171   29.922   35.846   35.934  352.553   23.649   8.06  0.00 h         
  42.558  0.026    2.209   41.460   42.338   76.892   23.563   7.27  0.00 f         
  45.399  0.141    1.250   38.989   39.592   21.607   23.808   7.77  0.00 f         
  43.877  0.211   24.132   34.632   35.958   24.867   23.243   7.64  0.00 h         
  43.840  0.059    3.886   41.231   43.181   72.166   23.957   7.60  0.00 f         
  44.660  0.111    2.180   39.712   43.232  292.808   23.517   7.15  0.00 f         
  45.156  0.059    0.890   42.470   47.459  212.647   23.699   6.94  0.00 f         
