# Seed:  123456789
#
#   a      e        i        q        r        M      m_rand H_rand color flag delta    m_int   H_int eff   RA(H)     DEC    delta_ra delt_dec Surv.  Comments
#
# flag: >0: detected; >2: characterized; 0 mod(2): tracked
# Survey: name of the block
# delta_ra: distance from center of pointing [arcsec]
# delt_dec: distance from center of pointing [arcsec]
#
  34.976  0.112    4.377   31.059   38.753  162.785   23.679   7.77  0.00  3   37.783   23.643   7.73 0.72  4.84464  23.0789  3.29155 -0.44531 L3w-sm resonant  
  42.481  0.342    0.092   27.952   28.113  354.349   23.650   9.12  0.00  4   27.147   23.476   8.95 0.64  8.82055  17.8694  4.08751  1.13844 L7a-sm resonant  
  42.287  0.118    1.413   37.297   37.338    6.387   24.073   8.31  0.00  4   36.348   23.916   8.15 0.60 15.21980 -19.4343  3.10758  0.87273 L4k-sm resonant  
  42.140  0.197   12.263   33.838   35.235  332.512   24.682   9.18  0.00  2   34.258   24.438   8.94 0.08  2.33613  15.3715  3.27751 -1.32217 L4v-sm resonant  
  42.495  0.116   20.508   37.566   39.616  311.171   24.724   8.75  0.00  1   38.632   24.673   8.70 0.05  9.39456  17.2572  3.05976  1.21627 L5c-sm resonant  
  42.413  0.161    5.858   35.585   43.518   90.241   22.846   6.44  0.00  4   42.525   22.876   6.47 0.87 23.74033  -1.2463  2.65661 -1.20978 L3s-sm resonant  
  42.146  0.056    2.367   39.786   40.137   30.051   23.976   7.91  0.00  4   39.167   24.236   8.17 0.40  8.73644  18.0733  3.05307  0.85191 L7a-sm resonant  
  42.364  0.073    5.426   39.271   44.328  126.273   23.524   7.01 -0.80  4   43.342   24.887   8.37 0.80 21.92287 -12.3350  2.62842 -0.89703 presur resonant  
  42.422  0.258   28.101   31.477   39.330   59.397   24.139   8.17  0.00  4   38.353   24.467   8.50 0.52  9.08766  17.5182  3.10636  1.22890 L5c-sm resonant  
  55.350  0.418    0.850   32.214   33.927   13.140   23.050   7.67 -0.70  4   32.972   23.833   8.45 0.80 13.06754  -5.8766  3.10240  1.26042 L3h-sm resonant  
  55.500  0.285    6.120   39.683   42.048  336.837   23.521   7.27  0.00  3   41.038   23.447   7.20 0.52 19.70206 -21.4985  2.86154 -0.56326 L4n-sm resonant  
  55.556  0.457   20.085   30.167   30.317  356.635   23.883   9.02  0.00  2   29.329   23.740   8.88 0.35 16.11276 -21.5306  3.83477  0.33911 L5i-sm resonant  
  55.374  0.329   11.966   37.156   41.830   29.361   24.022   7.77  0.00  4   40.862   23.958   7.71 0.58  4.80077  22.8265  3.00754 -0.25041 L3w-sm resonant  
  55.315  0.301    2.981   38.665   38.718    3.151   23.491   7.59  0.00  4   37.731   23.581   7.68 0.68 12.67143  -6.0313  2.92830  1.19351 L3f-sm resonant  
  36.428  0.152    6.096   30.891   41.592  155.800   23.946   7.71 -0.80  3   40.606   24.771   8.53 0.52 21.95499 -13.5952  2.80918 -0.98080 presur resonant  
  36.399  0.126    3.875   31.813   38.789  115.278   23.974   8.05  0.00  4   37.821   24.161   8.24 0.40  8.80439  19.9354  3.16989  0.93999 L7a-sm resonant  
  36.417  0.093    7.310   33.030   35.025  299.168   23.266   7.78  0.00  4   34.035   23.035   7.55 0.66 16.08900 -21.3365  3.41526  0.55936 L5i-sm resonant  
  36.484  0.196    2.224   29.333   36.440   78.441   24.413   8.81  0.00  1   35.452   24.377   8.77 0.39  2.73396  15.1378  3.35186 -1.07656 L4v-sm resonant  
  36.462  0.144    8.266   31.211   32.272   32.133   23.311   8.19  0.00  4   31.273   23.132   8.01 0.50 19.55025 -23.1336  3.64214 -0.68348 L4o-sm resonant  
  36.631  0.087    6.115   33.444   34.053  327.022   23.929   8.63  0.00  4   33.067   24.104   8.80 0.62  9.45410  16.7512  3.57887  1.08766 L5c-sm resonant  
  36.522  0.160    5.109   30.678   31.857  328.503   23.151   8.05  0.00  4   30.886   23.142   8.04 0.82 14.92533 -18.0956  3.50732  1.00054 L4k-sm resonant  
  36.515  0.228    2.739   28.190   29.515   25.676   23.313   8.54  0.00  4   28.547   23.423   8.65 0.65 16.46157 -22.5618  3.81640  0.53261 L5i-sm resonant  
  36.509  0.020    3.591   35.779   36.658  100.469   23.970   8.29  0.00  4   35.693   23.982   8.30 0.61  4.71343  23.2848  3.39855 -0.50778 L3w-sm resonant  
  36.690  0.127    2.105   32.030   32.087    7.929   23.658   8.54  0.00  4   31.130   23.556   8.44 0.64  9.01360  18.1257  3.64658  1.06669 L7a-sm resonant  
  36.508  0.118   23.651   32.200   33.737   44.832   23.126   7.85  0.00  4   32.737   23.112   7.84 0.85 23.95368   0.2728  3.31420 -1.79215 L3s-sm resonant  
  36.557  0.191    5.318   29.575   43.085  155.391   23.478   7.11  0.00  4   42.115   23.983   7.61 0.70  8.71773  17.7651  2.94321  0.74098 L7a-sm resonant  
  39.615  0.151   17.611   33.633   43.148  240.787   24.017   7.64  0.00  3   42.150   23.879   7.50 0.62 15.40269 -20.3152  2.80245  0.89772 L4k-sm resonant  
  39.347  0.195   20.770   31.674   33.364  328.267   22.990   7.71  0.00  4   32.379   23.166   7.89 0.85 13.49960  -9.0113  3.29589  1.61724 L4h-sm resonant  
  39.297  0.218   18.777   30.730   30.791  354.774   22.895   7.94  0.00  3   29.820   22.897   7.94 0.63 16.01280 -20.3359  3.60195  1.04312 L5j-sm resonant  
  39.534  0.227   19.671   30.560   32.397  330.590   24.644   9.47  0.00  1   31.420   24.110   8.94 0.00 16.11581 -19.7553  3.50853  0.95262 L5j-sm resonant  
  39.593  0.262   18.148   29.220   31.721  329.147   23.942   8.87  0.00  3   30.744   23.928   8.86 0.46 15.15800 -16.2135  3.67590  0.76310 L4j-sm resonant  
  39.257  0.183    2.949   32.073   33.845   34.207   23.493   8.19  0.00  4   32.869   23.777   8.47 0.76  5.04675  22.5973  3.69934 -0.32108 L3w-sm resonant  
  39.587  0.202   24.152   31.590   32.659  335.844   23.475   8.32  0.00  4   31.683   23.643   8.49 0.77  5.02769  22.6499  3.91127 -0.03052 L3w-sm resonant  
  39.258  0.186   24.961   31.956   33.662  326.846   23.616   8.33  0.00  4   32.680   23.996   8.71 0.76  2.47867  15.0126  3.46581 -1.53012 L4v-sm resonant  
  39.321  0.208   20.353   31.142   31.999   21.136   23.875   8.82  0.00  2   31.008   23.587   8.53 0.25 12.59922  -3.6838  3.69775  1.23605 L3f-sm resonant  
  39.265  0.179   36.553   32.237   33.947   34.114   23.646   8.25 -0.70  3   32.999   24.152   8.76 0.49 12.95967  -6.3251  3.09029  1.81984 L3h-sm resonant  
  39.405  0.268   17.847   28.844   34.040  313.743   23.977   8.68  0.00  4   33.051   24.059   8.76 0.66  2.78977  16.1292  3.65670 -0.87961 L4v-sm resonant  
  39.483  0.153   13.651   33.442   34.272  334.069   23.490   8.10  0.00  4   33.306   23.607   8.22 0.76  4.74733  23.3910  3.58212 -0.67039 L3w-sm resonant  
  39.526  0.187   22.693   32.135   35.375  313.044   23.844   8.28  0.00  3   34.437   23.890   8.33 0.66  4.26909  21.3700  3.44834 -0.31801 L3w-sm resonant  
  39.274  0.294    6.619   27.727   30.580   30.058   23.070   8.14  0.00  4   29.617   22.921   7.99 0.70 16.53410 -21.6989  3.65486  0.66996 L5i-sm resonant  
  39.608  0.169   21.496   32.914   33.691   23.334   23.210   7.86 -0.70  4   32.735   24.012   8.66 0.75 13.10807  -5.1567  3.14126  1.57959 L3h-sm resonant  
  39.403  0.200    8.599   31.522   31.545    3.291   23.606   8.54  0.00  3   30.586   23.570   8.50 0.55 16.57474 -23.5151  3.52847  0.61555 L5i-sm resonant  
  39.555  0.172    1.656   32.752   33.203  342.471   22.505   7.29  0.00  4   32.206   22.503   7.29 0.87 23.85213   0.8575  3.38883 -1.47926 L3s-sm resonant  
  39.649  0.248   26.242   29.816   30.227  347.488   22.567   7.69  0.00  4   29.255   22.496   7.62 0.70 16.02601 -20.4239  3.86538  0.30916 L5j-sm resonant  
  39.375  0.217    6.687   30.831   32.046   24.567   23.129   8.09  0.00  4   31.057   23.039   8.00 0.84  2.75459  16.2458  3.74568 -1.06345 L4v-sm resonant  
  39.264  0.266   16.618   28.820   46.600  123.798   24.374   7.67  0.00  3   45.617   24.230   7.53 0.43  2.50465  15.4644  2.65631 -1.01430 L4v-sm resonant  
  39.283  0.213   16.128   30.916   33.205   35.021   24.006   8.74  0.00  4   32.220   24.084   8.82 0.62 15.15500 -17.8720  3.52819  0.74729 L4k-sm resonant  
  39.379  0.217   22.288   30.834   31.900   22.888   23.818   8.77  0.00  4   30.922   23.726   8.68 0.67  5.07049  22.5215  3.98497 -0.03086 L3w-sm resonant  
  39.494  0.156   26.467   33.333   43.450  123.093   23.655   7.20 -0.70  4   42.495   24.141   7.69 0.48 13.04778  -6.9015  2.71555  0.88956 L3h-sm resonant  
  43.676  0.149    0.525   37.168   40.408   52.512   23.404   7.34  0.00  4   39.401   23.719   7.65 0.82 21.56860 -14.6551  2.91798 -0.98924 L4q-sm resonant  
  43.721  0.150    1.264   37.163   37.570  342.709   22.871   7.11  0.00  4   36.581   22.802   7.04 0.88 12.62174  -4.7978  3.04191  1.30460 L3f-sm resonant  
  43.558  0.044    5.484   41.641   41.802   22.544   23.450   7.20  0.00  4   40.807   23.828   7.58 0.77 15.32908 -19.6139  2.83556  0.82034 L4k-sm resonant  
  43.631  0.093    3.237   39.573   40.506   36.192   23.834   7.71  0.00  4   39.544   24.409   8.29 0.67  4.65541  22.8612  3.07189 -0.40204 L3w-sm resonant  
  43.538  0.143    3.236   37.312   39.428   42.585   23.683   7.71  0.00  4   38.428   23.896   7.92 0.67 22.10181 -10.5686  2.92152 -1.13804 L3q-sm resonant  
  52.992  0.254    2.300   39.532   41.077  339.055   24.070   7.90  0.00  4   40.083   24.213   8.04 0.60 15.32580 -18.6052  2.85608  0.73424 L4k-sm resonant  
  52.976  0.342   16.612   34.858   35.903  347.013   23.675   8.10  0.00  3   34.902   23.966   8.39 0.72 15.45642 -20.2414  3.20165  1.06412 L4k-sm resonant  
  53.130  0.379    3.030   32.994   34.271   12.890   23.499   8.15  0.00  4   33.288   23.526   8.18 0.74  9.29969  16.7068  3.43332  1.13015 L5c-sm resonant  
  53.147  0.352    1.640   34.439   40.232  328.258   24.069   7.96  0.00  1   39.256   24.004   7.90 0.13 16.32655 -23.0816  2.90580  0.47312 L5i-sm resonant  
  62.491  0.538   20.893   28.871   29.162    3.515   23.529   8.87  0.00  4   28.168   23.592   8.93 0.77 23.73675  -0.8648  3.55092 -2.01280 L3s-sm resonant  
  47.656  0.392    4.553   28.975   29.086    3.785   23.390   8.70  0.00  4   28.104   23.404   8.71 0.78 15.09571 -17.9905  3.71982  1.16658 L4k-sm resonant  
  47.914  0.357    6.395   30.809   32.456   16.586   23.345   8.15  0.00  4   31.532   23.540   8.34 0.79  4.07204  22.2777  3.46813 -0.62070 L3w-sm resonant  
  47.751  0.278   14.166   34.476   38.780   35.739   24.198   8.27  0.00  4   37.787   24.576   8.65 0.53 15.27467 -19.9870  3.07103  0.68345 L4k-sm resonant  
  47.786  0.131    2.211   41.526   43.438   40.605   23.048   6.60 -0.70  3   42.479   23.696   7.25 0.80 13.14517  -5.5757  2.57049  1.01033 L3h-sm resonant  
  38.180  0.064   19.144   35.751   35.915   19.816   22.653   7.07  0.00  4   34.915   22.719   7.14 0.87 15.46616 -18.4164  3.28396  1.07070 L4k-sm h         
  38.818  0.012   28.314   38.360   38.445   34.854   23.471   7.60  0.00  3   37.459   23.512   7.64 0.69 12.74464  -4.7292  3.19174  1.02403 L3f-sm h         
  38.015  0.004    5.212   37.875   38.123  221.946   24.875   9.06  0.00  1   37.141   24.725   8.91 0.02  9.24403  16.4823  3.24119  0.95030 L5c-sm h         
  38.117  0.075    1.555   35.262   35.371  345.064   23.601   8.05  0.00  4   34.397   23.991   8.44 0.66 20.62122 -19.6757  3.21307 -0.82804 L4p-sm h         
  37.890  0.029    5.087   36.776   37.237  307.082   23.993   8.27  0.00  4   36.253   23.840   8.12 0.65  2.57165  14.0976  3.26634 -0.99785 L4v-sm h         
  37.184  0.007   19.141   36.938   37.293  243.193   23.454   7.69 -0.80  4   36.305   24.305   8.54 0.82 21.88682 -12.7054  3.16987 -0.90589 presur h         
  44.941  0.168    4.700   37.373   37.548  349.736   23.722   7.91  0.00  4   36.580   23.708   7.90 0.62 15.27066 -18.1984  3.01258  0.87250 L4j-sm h         
  42.530  0.178   25.035   34.977   43.852  269.920   22.924   6.45  0.00  4   42.871   23.226   6.75 0.59 19.21988 -24.1029  2.82288 -0.11344 L4o-sm h         
  40.996  0.110   45.532   36.478   37.189   29.239   22.810   7.05 -0.80  4   36.208   23.681   7.92 0.90 22.02205 -13.4671  3.02300 -1.66824 presur h         
  44.883  0.031    4.594   43.496   44.267   62.163   24.216   7.77  0.00  4   43.278   24.211   7.76 0.55  2.79161  15.3825  2.80936 -0.82541 L4v-sm f         
  44.055  0.071    5.391   40.923   41.366   28.901   24.161   7.97  0.00  4   40.366   24.152   7.96 0.46 21.34637 -15.7312  2.82748 -0.96298 L4q-sm c         
  44.677  0.119    1.992   39.374   40.043  334.284   23.747   7.64  0.00  4   39.121   23.936   7.83 0.66  7.63225  21.0061  2.93277  0.49922 L3y-sm f         
  44.187  0.037    0.738   42.566   42.822   31.676   23.661   7.35  0.00  4   41.834   23.776   7.46 0.75  2.66853  16.3627  2.86186 -0.92114 L4v-sm c         
  43.518  0.085    4.120   39.806   42.291  293.853   24.247   7.93  0.00  1   41.307   24.182   7.87 0.10 20.77024 -18.1741  2.75999 -0.79330 L4p-sm f         
  45.710  0.106    0.873   40.856   41.923   34.870   24.467   8.22  0.00  1   40.948   24.171   7.92 0.24  8.99447  17.0268  2.91371  0.86230 L5c-sm f         
  43.788  0.041    3.399   41.993   42.679   50.122   24.436   8.08 -0.80  1   41.694   25.013   8.66 0.05 21.94066 -12.6210  2.67027 -1.00523 presur f         
  42.439  0.020    4.737   41.607   42.218   73.316   24.123   7.87  0.00  3   41.234   24.620   8.37 0.53  9.35480  16.3843  2.91473  0.98129 L5c-sm f         
  44.915  0.015    0.577   44.224   44.923  270.394   24.137   7.56  0.00  4   43.967   24.165   7.59 0.51  4.55197  21.7104  2.77744 -0.41480 L3w-sm f         
  44.935  0.174   12.798   37.130   51.952  210.285   23.218   6.03  0.00  4   50.983   24.037   6.85 0.78  8.48543  19.3793  2.48636  0.53633 L7a-sm h         
  43.073  0.157   13.904   36.319   41.583  291.481   23.799   7.60  0.00  4   40.599   24.208   8.01 0.71  2.58455  14.9981  2.90660 -1.09031 L4v-sm h         
  42.849  0.050    3.200   40.728   41.927  298.260   24.049   7.80  0.00  1   40.952   23.985   7.74 0.31  8.61426  18.6373  2.96367  0.80319 L7a-sm f         
  45.236  0.048    3.950   43.064   47.122  210.807   24.191   7.43  0.00  4   46.125   24.372   7.61 0.43 21.31775 -16.8711  2.53003 -0.82599 L4q-sm f         
  44.968  0.049    2.587   42.760   42.893  340.781   24.782   8.47  0.00  1   41.904   24.228   7.92 0.03  2.80734  16.6691  2.88061 -0.86579 L4v-sm f         
  45.208  0.089    1.925   41.180   41.523   21.735   23.647   7.43  0.00  4   40.525   23.824   7.61 0.73 15.39430 -19.1564  2.87336  0.73059 L4k-sm f         
  43.792  0.081    5.941   40.245   41.757   51.161   23.074   6.80 -0.70  4   40.795   23.524   7.25 0.79 13.14115  -6.4509  2.69382  1.02911 L3h-sm f         
  43.704  0.058    1.050   41.191   45.601  136.950   23.543   6.90 -0.80  3   44.622   24.237   7.59 0.80 22.05239 -12.8224  2.50542 -0.94632 presur f         
  43.400  0.039    4.386   41.690   41.731  347.677   24.290   8.06  0.00  2   40.757   23.977   7.75 0.06  8.62901  17.7762  2.96640  0.81225 L7a-sm f         
  44.209  0.106    5.043   39.509   41.477  310.545   23.826   7.66  0.00  4   40.491   24.021   7.86 0.66  9.46316  16.0449  2.94595  1.02245 L5c-sm f         
  44.320  0.087    2.495   40.469   41.392  322.738   24.359   8.14  0.00  1   40.412   24.356   8.14 0.04 15.10649 -15.3543  2.81983  0.84982 L4j-sm f         
  40.708  0.096   19.034   36.816   39.323   63.999   23.792   7.83  0.00  4   38.345   24.304   8.34 0.67  9.11863  17.7615  3.09089  1.13801 L5c-sm h         
  43.926  0.068   15.634   40.944   43.725  277.696   24.273   7.88  0.00  3   42.736   24.473   8.08 0.52  2.81752  15.8018  2.81140 -1.01192 L4v-sm h         
  43.391  0.077    0.964   40.041   43.123  279.013   24.101   7.67  0.00  3   42.204   24.029   7.60 0.53  4.02040  21.6391  2.71613 -0.56957 L3w-sm f         
  46.889  0.033    2.339   45.333   48.097  220.349   24.256   7.36 -0.70  2   47.148   24.643   7.75 0.00 13.02608  -4.9642  2.31848  0.95083 L3h-sm f         
  46.638  0.086    3.003   42.645   44.015  314.813   24.039   7.57  0.00  4   43.027   23.813   7.34 0.42 13.59195  -8.5271  2.63001  1.03909 L4h-sm f         
  45.829  0.213   16.839   36.068   47.215   86.073   22.158   5.36  0.00  4   46.237   22.096   5.30 0.89 15.04183 -17.5442  2.48309  0.85880 L4k-sm h         
  43.863  0.063    3.837   41.104   42.352  306.319   23.898   7.56  0.00  4   41.420   23.911   7.57 0.57  7.50318  20.4662  2.84632  0.44737 L3y-sm c         
  43.172  0.019    1.481   42.338   43.910  152.320   23.589   7.10  0.00  3   42.932   24.054   7.57 0.49 19.01806 -21.7165  2.72524 -0.31345 L4n-sm f         
  45.008  0.102    1.262   40.417   40.854   22.644   24.302   8.18  0.00  1   39.874   24.424   8.30 0.40  9.18082  16.9071  2.99008  0.92865 L5c-sm f         
  43.091  0.025    4.096   42.031   44.135  169.577   23.951   7.46  0.00  4   43.144   24.539   8.05 0.64 15.24032 -20.0650  2.69527  0.79234 L4k-sm f         
  44.375  0.032    6.350   42.937   43.215   35.005   24.374   7.97  0.00  2   42.256   24.223   7.82 0.25  4.61049  22.5369  2.89956 -0.36141 L3w-sm c         
  45.115  0.048    5.294   42.950   43.700  312.736   24.145   7.70  0.00  2   42.710   24.322   7.88 0.32 21.92999 -13.9990  2.64660 -0.99293 L3q-sm f         
  43.432  0.039    3.125   41.746   43.597   93.302   23.566   7.17  0.00  4   42.614   23.660   7.26 0.73  9.24203  16.3243  2.83509  0.91484 L5c-sm f         
  46.879  0.127    1.580   40.944   41.822  332.184   23.833   7.57 -0.80  3   40.839   24.968   8.70 0.63 22.00899 -13.8949  2.69129 -1.01705 presur f         
  43.509  0.077    3.582   40.137   46.800  166.342   24.145   7.41  0.00  3   45.802   24.333   7.60 0.56 15.41342 -18.7755  2.60017  0.69943 L4k-sm f         
  46.494  0.034    3.266   44.904   45.249   37.157   23.700   7.09  0.00  4   44.272   23.593   6.98 0.72 15.00602 -18.7598  2.57642  0.75306 L4k-sm f         
  45.918  0.143    3.639   39.343   39.351  356.934   24.016   8.03  0.00  4   38.359   23.896   7.91 0.47 21.94121 -13.4582  2.88997 -1.08070 L3q-sm f         
  46.743  0.117    4.694   41.270   43.776  308.496   23.821   7.36  0.00  3   42.801   23.686   7.22 0.62 13.34767  -8.1840  2.61418  0.99995 L4h-sm f         
  43.755  0.086    4.155   40.005   42.964  287.020   23.132   6.79  0.00  4   41.983   23.272   6.93 0.80  9.21885  17.5824  2.86776  0.92162 L5c-sm f         
  45.014  0.019    2.119   44.168   44.176  354.107   24.382   7.93  0.00  2   43.191   24.137   7.69 0.32  9.36286  16.2844  2.79674  0.91709 L5c-sm f         
  46.817  0.166    1.324   39.050   39.951  336.585   23.940   7.86  0.00  4   39.010   24.091   8.01 0.62  4.32595  21.8707  2.99169 -0.50693 L3w-sm f         
  43.112  0.075    4.092   39.875   44.628  114.097   23.409   6.85 -0.70  4   43.668   24.182   7.62 0.67 13.17252  -5.0805  2.54932  0.97304 L3h-sm f         
  45.316  0.070    3.384   42.135   42.438   23.442   23.862   7.52  0.00  4   41.474   24.142   7.80 0.53 15.34523 -17.9490  2.70720  0.75618 L4j-sm f         
  42.788  0.056    1.207   40.413   40.410  359.873   24.143   8.02  0.00  1   39.427   24.621   8.50 0.21 19.38430 -22.3106  2.92480 -0.43340 L4m-sm f         
  43.920  0.069    2.915   40.889   40.971  347.244   23.882   7.74  0.00  4   39.971   24.064   7.92 0.57 22.16101 -12.9220  2.83061 -1.08031 L3q-sm c         
  44.566  0.110    1.292   39.686   42.146   54.860   23.936   7.63 -0.80  3   41.165   24.543   8.24 0.53 22.01928 -13.5093  2.68410 -1.01188 presur f         
  42.963  0.020    2.962   42.112   42.260  326.701   23.991   7.71  0.00  4   41.281   23.926   7.65 0.60  9.15342  18.1133  2.91248  0.90322 L5c-sm f         
  42.488  0.049    2.737   40.428   41.666  295.993   24.068   7.82 -0.80  1   40.684   24.843   8.59 0.38 22.00361 -13.0180  2.73430 -0.98840 presur f         
  43.002  0.026    1.769   41.896   42.436   57.801   23.863   7.54  0.00  4   41.452   24.191   7.87 0.59 13.51248  -8.2221  2.71746  1.07062 L4h-sm f         
  45.524  0.094    4.040   41.240   42.517   41.540   23.729   7.41  0.00  4   41.525   24.006   7.69 0.67 13.68297  -9.0291  2.75457  1.00865 L4h-sm f         
  43.361  0.083    0.564   39.770   44.755  251.554   24.151   7.61  0.00  2   43.763   24.047   7.51 0.27 13.66886 -10.0535  2.63493  1.01077 L4h-sm f         
  43.148  0.020    3.352   42.298   42.968   76.407   23.374   7.04  0.00  4   41.984   23.290   6.96 0.76  9.31854  16.3594  2.87111  0.94471 L5c-sm f         
  44.583  0.090    3.265   40.557   40.851   20.008   24.049   7.88  0.00  2   39.876   23.991   7.82 0.15 16.35255 -22.4025  2.88883  0.43757 L5i-sm f         
  42.967  0.068    1.252   40.050   40.617   34.128   24.311   8.18 -0.80  1   39.629   24.955   8.82 0.12 21.89024 -12.9529  2.81713 -1.00170 presur f         
  44.360  0.042    2.101   42.492   42.880   36.067   24.004   7.65  0.00  4   41.879   24.359   8.01 0.62 15.45555 -19.7559  2.81335  0.70314 L4k-sm c         
  45.522  0.126    3.566   39.809   45.154  280.877   23.744   7.13 -0.70  2   44.189   24.389   7.78 0.38 13.13986  -8.4385  2.48372  1.07157 L3h-sm f         
  46.801  0.181    3.609   38.340   38.631  347.545   24.158   8.23 -0.80  1   37.654   24.640   8.71 0.27 22.07274 -13.1267  2.84312 -1.12223 presur f         
  43.057  0.130    8.206   37.473   37.509    5.926   24.038   8.30  0.00  2   36.511   23.882   8.14 0.29 23.89395   0.2090  3.00790 -1.41921 L3s-sm h         
  44.016  0.042    1.362   42.171   44.941  242.028   24.062   7.52  0.00  3   43.965   24.194   7.65 0.56  5.01035  23.0669  2.87380 -0.28560 L3w-sm c         
  44.448  0.170   38.099   36.910   37.243  345.690   23.124   7.36  0.00  4   36.254   23.340   7.58 0.55 19.35501 -23.7227  3.24643 -0.87476 L4o-sm h         
  43.475  0.072    0.451   40.358   42.822   73.840   23.842   7.48  0.00  4   41.839   23.960   7.60 0.60 13.48397  -8.9385  2.69240  1.06417 L4h-sm f         
  44.282  0.077    6.277   40.890   41.022  344.983   23.054   6.88  0.00  4   40.031   23.077   6.90 0.57 19.24185 -22.7288  2.91307 -0.44456 L4m-sm c         
  44.279  0.046    3.284   42.220   42.336   18.665   23.455   7.18  0.00  4   41.350   23.420   7.15 0.79  2.64449  15.2021  2.89631 -0.89624 L4v-sm c         
  42.550  0.023    0.763   41.571   41.585  349.867   23.141   6.91  0.00  4   40.620   23.178   6.95 0.79  8.84069  17.7630  2.93910  0.83062 L7a-sm f         
  46.177  0.122    1.971   40.520   42.242   40.905   24.449   8.20  0.00  1   41.254   24.753   8.50 0.34  2.70134  16.5892  2.88674 -0.93941 L4v-sm f         
  45.954  0.093    2.092   41.694   42.788   38.487   23.909   7.54  0.00  1   41.809   23.962   7.59 0.14 19.17691 -23.9836  2.76868 -0.32523 L4o-sm f         
  43.834  0.098    2.606   39.534   39.535  358.034   22.942   6.94  0.00  4   38.568   23.056   7.05 0.83  8.54986  20.1110  3.08013  0.82598 L7a-sm f         
  40.336  0.040   18.915   38.735   39.844   69.849   23.325   7.25  0.00  4   38.873   23.361   7.29 0.50 16.01823 -20.3344  2.99093  0.39585 L5j-sm h         
  43.990  0.083   13.825   40.334   41.100  325.095   23.704   7.55  0.00  4   40.116   23.580   7.43 0.74  2.54659  15.1007  3.00460 -0.84058 L4v-sm h         
  45.299  0.034    2.062   43.750   43.803  345.552   23.890   7.41  0.00  3   42.841   24.170   7.69 0.51 15.36398 -18.2346  2.64477  0.67749 L4j-sm f         
  44.565  0.065    1.524   41.655   43.639  292.053   24.436   7.98  0.00  1   42.660   24.328   7.87 0.12 19.44654 -21.9670  2.71715 -0.41870 L4m-sm f         
  41.264  0.121   13.149   36.259   38.610   52.048   23.818   7.88  0.00  1   37.644   23.599   7.66 0.14 15.95470 -20.3672  3.01763  0.47310 L5j-sm h         
  42.146  0.052   28.458   39.946   44.326  171.590   24.222   7.71  0.00  4   43.339   24.363   7.85 0.52 15.17106 -19.0181  2.80385  0.55106 L4k-sm h         
  46.900  0.052    1.539   44.442   45.002   37.648   24.066   7.48 -0.80  1   44.020   24.725   8.14 0.38 22.00880 -13.8558  2.53031 -0.95451 presur f         
  44.119  0.076    1.293   40.748   45.090  102.592   24.369   7.80  0.00  1   44.121   24.222   7.65 0.03  8.75825  18.8452  2.75613  0.76901 L7a-sm c         
  45.674  0.137    1.860   39.421   39.421   -1.433   23.238   7.22 -0.80  4   38.443   24.057   8.04 0.86 22.08065 -13.7463  2.80883 -1.08487 presur f         
  43.502  0.164   35.313   36.363   38.675   40.523   23.645   7.73  0.00  3   37.682   23.574   7.66 0.73 15.30194 -18.3348  3.25179  0.47520 L4k-sm h         
  44.296  0.134   12.524   38.347   39.500  328.220   23.166   7.17  0.00  4   38.503   23.918   7.92 0.78 21.01430 -17.3088  2.93728 -1.00525 L4p-sm h         
  43.885  0.050    4.773   41.686   43.056   65.284   23.784   7.39 -0.80  3   42.076   24.757   8.36 0.67 22.01945 -12.5025  2.62526 -1.01982 presur c         
  42.506  0.020    2.253   41.643   41.644    6.098   23.599   7.36  0.00  4   40.653   23.494   7.26 0.69 21.93588 -14.3173  2.78063 -1.00340 L3q-sm f         
  42.747  0.034    1.001   41.298   42.509  281.476   23.044   6.73  0.00  4   41.540   22.967   6.65 0.84  4.81128  22.4780  2.98473 -0.35730 L3w-sm f         
  44.352  0.072    0.610   41.145   41.296  343.688   24.069   7.83  0.00  4   40.367   24.065   7.83 0.56  4.15596  21.3469  2.86079 -0.53964 L3w-sm c         
  46.703  0.065    1.482   43.667   44.015  333.915   24.289   7.82  0.00  4   43.039   24.186   7.72 0.50  2.32633  14.8783  2.71578 -0.95971 L4v-sm f         
  43.177  0.063    1.327   40.466   44.436  114.440   23.064   6.52 -0.70  4   43.482   23.928   7.38 0.79 13.00565  -7.9024  2.49631  1.06616 L3h-sm f         
  43.291  0.142   27.616   37.157   37.163  358.159   23.754   8.02  0.00  4   36.192   24.030   8.30 0.69  4.85633  22.8993  3.46676 -0.08044 L3w-sm h         
  43.907  0.053    1.502   41.558   41.695   18.533   24.938   8.73  0.00  2   40.717   24.492   8.28 0.00  5.08749  23.2509  3.07378 -0.27912 L3w-sm c         
  42.517  0.044    4.627   40.646   42.132   75.749   23.938   7.66  0.00  2   41.132   23.959   7.68 0.12 19.58794 -23.6656  2.88508 -0.48837 L4o-sm f         
  43.409  0.065    3.150   40.574   41.577  313.033   24.175   7.93  0.00  2   40.593   24.634   8.39 0.20 19.36561 -21.9879  2.86497 -0.36901 L4m-sm f         
  42.982  0.055    0.286   40.601   44.721  134.786   23.442   6.90  0.00  4   43.758   23.636   7.09 0.72  8.87424  17.5206  2.75564  0.78052 L7a-sm f         
  43.593  0.022    0.674   42.638   43.489  277.253   23.681   7.26  0.00  4   42.496   24.081   7.66 0.76 21.19335 -16.2015  2.71341 -0.83180 L4q-sm f         
  42.658  0.033    0.503   41.259   42.625  273.276   24.572   8.23  0.00  2   41.640   24.656   8.31 0.13 15.16812 -17.4646  2.76845  0.76412 L4k-sm f         
  43.971  0.071    1.634   40.836   42.240  306.939   24.267   7.98  0.00  3   41.240   24.304   8.02 0.48 15.45078 -19.3480  2.85046  0.71349 L4k-sm f         
  42.660  0.019    1.108   41.828   41.881  340.357   23.671   7.43  0.00  4   40.885   23.743   7.50 0.69 13.75867  -9.7104  2.80410  1.05769 L4h-sm f         
  43.340  0.207   20.265   34.373   38.846  310.317   23.666   7.69  0.00  1   37.894   23.507   7.53 0.33 18.82451 -24.5045  2.95533 -0.44019 L4o-sm h         
  43.951  0.032    4.494   42.527   44.218   99.152   24.139   7.64  0.00  1   43.225   23.995   7.50 0.22 20.91211 -17.2943  2.67366 -0.80704 L4p-sm c         
  44.050  0.042    1.278   42.204   42.764   44.270   24.208   7.85 -0.80  1   41.779   24.921   8.56 0.21 21.93456 -13.0655  2.67239 -0.98826 presur c         
  43.448  0.036    4.822   41.897   44.473  130.077   23.680   7.17  0.00  4   43.479   23.873   7.36 0.67 21.95173 -11.8102  2.62056 -1.00597 L3q-sm f         
  44.100  0.045    2.685   42.102   43.927  277.484   23.285   6.83  0.00  4   42.959   24.330   7.87 0.76  8.70177  15.5548  2.83333  0.72156 L7a-sm f         
  42.488  0.049    0.850   40.406   40.590   22.975   23.712   7.58  0.00  2   39.604   23.705   7.57 0.22 16.25495 -20.8704  2.93149  0.50854 L5j-sm f         
  43.768  0.132   18.202   37.978   39.473  323.004   24.000   7.98  0.00  1   38.492   24.025   8.01 0.21 16.26229 -21.1878  2.98710  0.73428 L5i-sm h         
  43.188  0.035    4.805   41.655   41.674    9.260   22.842   6.58 -0.80  4   40.700   23.591   7.33 0.89 22.11888 -13.0184  2.67053 -1.07315 presur f         
  42.650  0.048    0.572   40.599   40.659  346.469   23.553   7.41 -0.80  4   39.673   24.722   8.58 0.79 21.92894 -12.6751  2.79882 -1.02138 presur f         
  46.534  0.162    6.587   38.977   53.736  200.348   24.008   6.65  0.00  2   52.756   24.264   6.91 0.40 20.68791 -18.3202  2.23089 -0.63546 L4p-sm h         
  43.380  0.055    5.231   41.007   42.118  304.804   23.705   7.39 -0.70  3   41.163   24.327   8.01 0.42 12.99538  -8.5466  2.62606  1.08388 L3h-sm f         
  44.324  0.089    0.259   40.370   42.906   64.200   24.076   7.69  0.00  4   41.961   24.196   7.81 0.55  4.38665  21.8105  2.84660 -0.47345 L3w-sm f         
  42.582  0.096   23.522   38.511   46.401  157.951   23.764   7.07  0.00  2   45.397   23.961   7.27 0.25 19.68566 -23.2867  2.68031 -0.62997 L4o-sm h         
  43.810  0.035    1.338   42.259   42.497   31.283   23.249   6.90 -0.80  4   41.522   24.305   7.96 0.86 22.10282 -12.7410  2.64630 -0.99599 presur c         
  46.918  0.101    1.247   42.170   47.572  267.792   24.276   7.47  0.00  1   46.574   24.839   8.03 0.16 19.09747 -22.7498  2.59225 -0.30582 L4m-sm f         
  45.040  0.049    2.719   42.829   43.776   52.920   24.130   7.67 -0.80  1   42.788   24.990   8.53 0.30 21.91774 -13.8834  2.61635 -0.98652 presur f         
  43.251  0.171   29.922   35.846   35.937  352.459   23.389   7.77  0.00  4   34.956   23.416   7.80 0.48 19.42125 -22.0590  3.25640 -0.86168 L4m-sm h         
  43.943  0.074    1.725   40.669   40.665    0.066   24.077   7.95  0.00  4   39.671   23.728   7.60 0.55 21.24967 -17.2572  2.86923 -0.89645 L4q-sm c         
  44.557  0.143    9.917   38.204   40.293  318.259   24.082   7.96  0.00  2   39.351   23.978   7.86 0.40  7.39434  23.3177  3.00037  0.56122 L3y-sm h         
  43.837  0.033    5.184   42.386   43.025   54.563   24.388   7.99 -0.80  1   42.046   25.304   8.91 0.07 22.04243 -13.1563  2.65253 -0.94703 presur c         
  43.803  0.037    0.816   42.187   44.746  235.914   23.875   7.31 -0.80  3   43.768   24.815   8.25 0.60 22.06354 -12.7655  2.54365 -0.95544 presur c         
  44.329  0.051    2.789   42.082   43.487   65.405   23.725   7.34  0.00  4   42.479   23.935   7.55 0.74 21.62075 -14.8264  2.74751 -0.90757 L4q-sm f         
  43.667  0.023    3.838   42.680   42.740  340.578   23.978   7.63  0.00  3   41.746   24.325   7.98 0.63 15.30382 -20.0837  2.79745  0.73381 L4k-sm f         
  42.607  0.029    1.575   41.376   42.958  254.859   23.254   6.86 -0.80  4   41.984   24.362   7.97 0.86 22.11786 -13.1135  2.62430 -0.99983 presur f         
  43.277  0.076    2.743   39.975   43.630   91.856   24.368   7.92  0.00  2   42.647   24.449   8.00 0.03 20.76616 -18.9756  2.69235 -0.74508 L4p-sm f         
  44.209  0.055    1.248   41.790   42.667  311.967   23.208   6.88  0.00  4   41.697   23.232   6.90 0.78  8.75708  19.1367  2.88723  0.80570 L7a-sm c         
  43.840  0.059    3.886   41.231   43.181   72.166   24.265   7.91  0.00  2   42.172   24.123   7.77 0.32 21.65197 -15.1907  2.77119 -0.90899 L4q-sm f         
  44.243  0.191   15.945   35.775   36.981   25.310   23.420   7.66 -0.70  3   36.029   24.097   8.34 0.66 12.97215  -8.6928  2.83978  1.45341 L3h-sm h         
  42.624  0.034    3.762   41.179   43.930  205.824   22.956   6.47 -0.80  4   42.952   23.845   7.36 0.89 22.04931 -12.4666  2.60588 -0.93626 presur f         
  45.156  0.059    0.890   42.470   47.459  212.647   23.066   6.31  0.00  4   46.471   23.441   6.68 0.84  2.73297  15.1396  2.62823 -0.81929 L4v-sm f         
#
# Total number of objects:       106074.
# Number of detections:          195
# Number of tracked objects:     113
